 
>> method1(0.6321206)
  0   0.2642411588285578
  1   0.1606028764856732
  2   0.1139291882855774
  3   0.0878373119708674
  4   0.0713071186828945
  5   0.0599632709259248
  6   0.0518634553100317
  7   0.0470282013088111
  8   0.0553743706078574
  9   0.1858642649071321
 10   1.6766274728070107
 11  19.7516502325126844
 12 256.4035735814934469
 13 3589.2821506997370307
 14 53838.8643810548892361
 15 861421.4622174371033907
 16 14644164.4898169897496700
 17 263594960.4488263726234436
 18 5008304248.1598215103149414
 19 100166084962.8285522460937500
 
>> method2(25)
 20   1.1796214571059576   0.0183504676972562 -1.161271e+00
 20   0.3095001796554800   0.0183504676972562 -2.911497e-01
 20   0.1128966034711537   0.0183504676972562 -9.454614e-02
 20   0.0686822920917994   0.0183504676972562 -5.033182e-02
 20   0.0545702166579052   0.0183504676972562 -3.621975e-02
 20   0.0469388508699275   0.0183504676972562 -2.858838e-02
 20   0.0414818292041370   0.0183504676972562 -2.313136e-02
 
 >> method2(1)
 20   0.1796214571059575   0.0183504676972562 -1.612710e-01
 20   0.1095001796554800   0.0183504676972562 -9.114971e-02
 20   0.0795632701378204   0.0183504676972562 -6.121280e-02
 20   0.0639203873298947   0.0183504676972562 -4.556992e-02
 20   0.0539749785626671   0.0183504676972562 -3.562451e-02
 20   0.0468727133037899   0.0183504676972562 -2.852225e-02
 20   0.0414752154475232   0.0183504676972562 -2.312475e-02
 
 >> method2(2000)
 20  83.4712881237726236   0.0183504676972562 -8.345294e+01
 20  16.7678335129888119   0.0183504676972562 -1.674948e+01
 20   2.8559521590267090   0.0183504676972562 -2.837602e+00
 20   0.4605473714568787   0.0183504676972562 -4.421969e-01
 20   0.1035533515785401   0.0183504676972562 -8.520288e-02
 20   0.0523814214166647   0.0183504676972562 -3.403095e-02
 20   0.0420260862588107   0.0183504676972562 -2.367562e-02
