$mu
            [,1]     [,2]     [,3]      [,4]     [,5]     [,6]     [,7]      [,8]      [,9]     [,10]
  [1,] 1.1462946 1.119041 1.340743 0.8405566 1.676696 1.647022 1.400246 1.0393771 1.0444344 0.9392392
  [2,] 1.0404040 1.158585 1.493245 0.5946004 1.528029 1.710838 1.370881 1.0291531 1.0265161 0.8994097
  [3,] 0.9456900 1.258276 1.556095 0.5511937 1.515241 1.735148 1.405443 1.0232375 1.0336668 0.9233289
  [4,] 0.9021575 1.330223 1.604454 0.5241680 1.518783 1.756594 1.362865 1.0377003 1.0258505 0.8709813
  [5,] 0.8776020 1.375926 1.647847 0.5205251 1.513305 1.737788 1.363988 1.0257415 1.0089620 0.9046597
  [6,] 0.8942232 1.382573 1.685702 0.5132764 1.494766 1.731761 1.369702 1.0663867 1.0065010 0.9018620
  [7,] 0.8906303 1.386463 1.715398 0.5196908 1.484335 1.728882 1.336741 1.0541053 1.0085531 0.8901863
  [8,] 0.9202492 1.392987 1.718383 0.5319640 1.513908 1.712350 1.346494 1.0669009 1.0072606 0.9075092
  [9,] 0.8818633 1.388247 1.715326 0.5277890 1.512453 1.724948 1.361251 1.0537282 1.0166793 0.9167133
 [10,] 0.9053720 1.387835 1.709113 0.5233994 1.513392 1.731222 1.340967 1.0304331 1.0305451 0.9190079
 [11,] 0.9068649 1.387529 1.734843 0.5483264 1.479307 1.729957 1.322235 1.0340594 1.0174878 0.9300088
 [12,] 0.8660595 1.401058 1.715154 0.5165490 1.496472 1.750999 1.298873 1.0454939 1.0341730 0.9442197
 [13,] 0.8752441 1.384237 1.690081 0.5246742 1.473011 1.718201 1.314774 1.0408050 1.0314933 0.9057784
 [14,] 0.8771882 1.380275 1.692675 0.5360317 1.477983 1.725717 1.361786 1.0285242 1.0255393 0.9203139
 [15,] 0.8962136 1.367854 1.695380 0.5666659 1.499602 1.718364 1.357943 1.0402911 1.0306580 0.8828364
 [16,] 0.8798815 1.382827 1.733659 0.5402324 1.512767 1.718806 1.357763 1.0539615 1.0097038 0.8782343
 [17,] 0.9262555 1.399648 1.721437 0.5364883 1.505974 1.709474 1.279729 1.0620933 1.0124627 0.9101544
 [18,] 0.8957993 1.394535 1.724473 0.5552254 1.500215 1.737369 1.305196 1.0668642 1.0200330 0.9002883
 [19,] 0.9133473 1.399740 1.692123 0.5611515 1.509598 1.738627 1.266785 1.0419734 1.0099831 0.8941306
 [20,] 0.8781482 1.394264 1.673990 0.5478851 1.502407 1.711575 1.289391 1.0595279 1.0255600 0.8988622
 [21,] 0.8948290 1.383537 1.709213 0.5289585 1.488566 1.725838 1.279957 1.0420014 1.0238528 0.9056259
 [22,] 0.8935525 1.382588 1.715580 0.5452290 1.505216 1.724052 1.283316 1.0354531 1.0248051 0.9046621
 [23,] 0.8683968 1.387888 1.720424 0.5237624 1.513957 1.724615 1.316340 1.0551265 1.0177366 0.8793426
 [24,] 0.8846571 1.387768 1.718860 0.5075976 1.545590 1.733024 1.321064 1.0622275 1.0106745 0.8757750
 [25,] 0.8779843 1.373606 1.676535 0.5437772 1.531069 1.737753 1.325479 1.0679224 1.0174332 0.9005835
 [26,] 0.9069245 1.394987 1.677786 0.5103903 1.521166 1.748741 1.303450 1.0717763 1.0017304 0.9441094
 [27,] 0.8924216 1.381981 1.683170 0.5218006 1.483686 1.738896 1.341807 1.0604080 1.0209924 0.9057104
 [28,] 0.8999566 1.384740 1.718513 0.5234673 1.503183 1.721544 1.282066 1.0518916 1.0171822 0.8747394
 [29,] 0.8938494 1.380423 1.706377 0.5358872 1.535155 1.733510 1.322078 1.0455183 1.0155138 0.8882167
 [30,] 0.9235509 1.399154 1.718494 0.5359782 1.534687 1.715667 1.299817 1.0558659 1.0184320 0.8677856
 [31,] 0.8895281 1.399668 1.721555 0.5578839 1.499678 1.734359 1.340050 1.0710338 1.0039711 0.9208017
 [32,] 0.9279474 1.382876 1.749256 0.5455401 1.507664 1.718749 1.338528 1.0673085 1.0063102 0.9499220
 [33,] 0.8703623 1.406679 1.707213 0.5380907 1.505726 1.719155 1.351064 1.0744581 1.0102771 0.9071800
 [34,] 0.8746348 1.379985 1.671650 0.5435005 1.533360 1.727942 1.340320 1.0716367 1.0113297 0.9052503
 [35,] 0.9209834 1.398181 1.690307 0.5186620 1.493821 1.728794 1.332155 1.0646199 1.0013899 0.9179971
 [36,] 0.9078929 1.387732 1.698091 0.5246680 1.513797 1.743245 1.325403 1.0729112 1.0067992 0.9199568
 [37,] 0.8927842 1.396962 1.749686 0.5155096 1.506765 1.726923 1.332922 1.0815539 1.0122719 0.9082524
 [38,] 0.8903713 1.394464 1.715133 0.5270402 1.492399 1.726506 1.368447 1.0592615 1.0147526 0.8969367
 [39,] 0.8965641 1.401092 1.718539 0.5227428 1.499172 1.715786 1.347301 1.0567398 1.0098844 0.8876447
 [40,] 0.9079471 1.403055 1.707729 0.5361580 1.507964 1.714795 1.318153 1.0468908 1.0218705 0.9204580
 [41,] 0.9088361 1.385232 1.745512 0.5291681 1.498786 1.692071 1.291899 1.0413868 1.0346058 0.8825963
 [42,] 0.8722088 1.391419 1.744513 0.5342048 1.482098 1.688133 1.285897 1.0424537 1.0309834 0.9306094
 [43,] 0.8878879 1.392810 1.740382 0.5295956 1.480349 1.713191 1.298139 1.0478742 1.0224264 0.9034426
 [44,] 0.8622311 1.384817 1.725368 0.5217891 1.478101 1.716087 1.317906 1.0438462 1.0334459 0.8897947
 [45,] 0.8932692 1.386299 1.731369 0.5513306 1.490877 1.726843 1.327123 1.0452536 1.0376246 0.8870094
 [46,] 0.8893966 1.392349 1.730039 0.5277872 1.499105 1.732607 1.325963 1.0274680 1.0392522 0.9095246
 [47,] 0.9033251 1.402558 1.707185 0.5498436 1.490994 1.732213 1.341283 1.0393109 1.0242101 0.9147663
 [48,] 0.8939605 1.381960 1.709097 0.5466707 1.486562 1.743205 1.326209 1.0419979 1.0255443 0.9489231
 [49,] 0.9042982 1.391383 1.651021 0.5396603 1.507515 1.737779 1.312389 1.0649427 1.0329986 0.9073624
 [50,] 0.8833160 1.388687 1.695767 0.5123668 1.498752 1.723835 1.339431 1.0476749 1.0222134 0.9170075
 [51,] 0.8976545 1.385625 1.706360 0.5297787 1.510732 1.731899 1.317440 1.0407219 1.0165360 0.9039367
 [52,] 0.8970789 1.376080 1.712644 0.5393723 1.504829 1.723984 1.298313 1.0262870 1.0383614 0.9039106
 [53,] 0.8969860 1.378404 1.706239 0.5172731 1.532468 1.711658 1.309054 1.0316776 1.0586903 0.9189485
 [54,] 0.8858724 1.390243 1.691215 0.5296549 1.525453 1.732460 1.321096 1.0269190 1.0488722 0.9471855
 [55,] 0.9014004 1.411575 1.727530 0.5208097 1.466884 1.727089 1.345455 1.0308421 1.0278565 0.9099916
 [56,] 0.8799079 1.399760 1.736996 0.5393026 1.501651 1.731856 1.309961 1.0302457 1.0342865 0.8948411
 [57,] 0.8787640 1.387184 1.697688 0.5270504 1.505456 1.734538 1.321664 1.0456960 1.0278105 0.9057401
 [58,] 0.8617026 1.384013 1.702411 0.5333406 1.518568 1.720698 1.319555 1.0291559 1.0300452 0.9056504
 [59,] 0.9033383 1.397705 1.697935 0.5566167 1.514561 1.737808 1.322915 1.0222362 1.0337834 0.9124415
 [60,] 0.9087685 1.380904 1.738742 0.5575267 1.513575 1.723243 1.331380 1.0323030 1.0172334 0.9034533
 [61,] 0.9145335 1.371979 1.696727 0.5150515 1.501199 1.731153 1.325105 1.0429349 1.0250044 0.8804152
 [62,] 0.8780106 1.385156 1.685284 0.5518932 1.507330 1.710521 1.286181 1.0467908 1.0210192 0.9081262
 [63,] 0.9057713 1.390467 1.708055 0.5256822 1.475046 1.728693 1.326658 1.0437822 1.0071839 0.8904663
 [64,] 0.8902111 1.374428 1.702589 0.5454321 1.507847 1.728933 1.313870 1.0515492 1.0312596 0.8801001
 [65,] 0.9045669 1.392795 1.723681 0.5492928 1.526717 1.733222 1.322650 1.0655112 1.0019609 0.9097691
 [66,] 0.9014997 1.399762 1.708602 0.5195570 1.506677 1.732834 1.320069 1.0621167 1.0122865 0.8636158
 [67,] 0.8948423 1.387783 1.692444 0.4909229 1.512451 1.717435 1.332524 1.0624019 1.0266386 0.9194176
 [68,] 0.8799534 1.391265 1.689343 0.5180742 1.512558 1.719023 1.336240 1.0484882 1.0289152 0.9141542
 [69,] 0.8708041 1.388352 1.697304 0.5398479 1.502688 1.724410 1.346449 1.0321922 1.0328971 0.8634269
 [70,] 0.9153656 1.396654 1.704469 0.5166908 1.498547 1.745644 1.374914 1.0516151 1.0313564 0.9304647
 [71,] 0.8573950 1.391551 1.712611 0.5349773 1.539158 1.708074 1.334965 1.0495147 1.0348665 0.9229551
 [72,] 0.8674793 1.377974 1.688364 0.5205423 1.516993 1.717596 1.334344 1.0486732 1.0366649 0.8829224
 [73,] 0.8682366 1.407179 1.708609 0.5150804 1.488519 1.717217 1.353161 1.0379967 1.0311306 0.9174385
 [74,] 0.8904876 1.373838 1.688203 0.5268424 1.488113 1.735057 1.324552 1.0216232 1.0375836 0.9377790
 [75,] 0.8980144 1.378526 1.681559 0.5348750 1.502372 1.748707 1.325789 1.0328956 1.0371399 0.8815887
 [76,] 0.8925665 1.400143 1.683342 0.5314773 1.513959 1.719545 1.322019 0.9981584 1.0385178 0.9095045
 [77,] 0.9130401 1.384615 1.713561 0.5304192 1.525808 1.731751 1.328381 1.0173322 1.0605072 0.8992523
 [78,] 0.9145964 1.398515 1.717144 0.5395159 1.513203 1.719748 1.298628 1.0277093 1.0599580 0.9026435
 [79,] 0.8896033 1.412003 1.737860 0.5325346 1.507068 1.703188 1.297062 1.0306450 1.0462745 0.8989544
 [80,] 0.9037219 1.390272 1.716908 0.5305561 1.519143 1.719258 1.345914 1.0164091 1.0395692 0.8963455
 [81,] 0.8790115 1.385324 1.703555 0.5153387 1.498476 1.716406 1.305022 1.0459875 1.0364325 0.9203458
 [82,] 0.8970416 1.406125 1.726142 0.5190641 1.523898 1.716599 1.310005 1.0314578 1.0298634 0.9175099
 [83,] 0.8980960 1.381409 1.746490 0.5342005 1.485711 1.735030 1.312098 1.0179794 1.0178436 0.8835326
 [84,] 0.8992482 1.401371 1.744736 0.5410819 1.504137 1.732543 1.308979 1.0327017 1.0113838 0.8691466
 [85,] 0.8782769 1.392462 1.721234 0.5252440 1.522756 1.717426 1.292674 1.0526173 1.0203930 0.8839150
 [86,] 0.9010724 1.389136 1.715495 0.5451759 1.534815 1.719303 1.298170 1.0484407 1.0202208 0.9032809
 [87,] 0.8833691 1.392300 1.731035 0.5098192 1.470043 1.730915 1.318812 1.0668649 1.0023424 0.8940734
 [88,] 0.8814171 1.401764 1.682040 0.5316455 1.523792 1.726365 1.289995 1.0597684 1.0054070 0.9359075
 [89,] 0.8951480 1.398748 1.707745 0.5480490 1.524806 1.730935 1.290873 1.0736180 1.0062133 0.9143353
 [90,] 0.8764858 1.389387 1.717321 0.5303319 1.530729 1.729338 1.319231 1.0616725 1.0122472 0.8907210
 [91,] 0.8898680 1.400608 1.705273 0.5355771 1.522325 1.738654 1.295278 1.0558747 1.0163525 0.8760777
 [92,] 0.9041265 1.405990 1.705736 0.5167186 1.516155 1.728820 1.315927 1.0304919 1.0249448 0.9265685
 [93,] 0.9073893 1.396777 1.701389 0.5269207 1.502394 1.732018 1.309510 1.0211297 1.0194134 0.9311939
 [94,] 0.8767707 1.387324 1.693809 0.5357200 1.497153 1.730146 1.297924 1.0286190 1.0264131 0.9102526
 [95,] 0.8941026 1.399854 1.707840 0.5405576 1.539140 1.735771 1.294121 1.0413132 1.0265997 0.8816867
 [96,] 0.8808127 1.392117 1.707769 0.5206869 1.492682 1.719856 1.300431 1.0213523 1.0246901 0.9093706
 [97,] 0.9055789 1.403084 1.707439 0.5349539 1.551290 1.715649 1.301256 1.0655772 1.0210591 0.9234485
 [98,] 0.9225407 1.386654 1.753860 0.5268108 1.541533 1.701321 1.324891 1.0631388 1.0157731 0.9001140
 [99,] 0.8949389 1.403884 1.745848 0.5462365 1.519548 1.722073 1.316545 1.0359926 1.0339106 0.8999661
[100,] 0.8796419 1.371717 1.735289 0.5513121 1.524432 1.742811 1.309570 1.0446672 1.0337632 0.9200339
[101,] 0.9014318 1.402367 1.720427 0.5647337 1.524685 1.737981 1.337620 1.0135116 1.0321093 0.8788096
[102,] 0.8921327 1.394973 1.699148 0.5420529 1.516644 1.724892 1.334554 1.0400257 1.0278633 0.9219810
[103,] 0.8856757 1.379901 1.712433 0.5556804 1.508689 1.740962 1.322117 1.0609936 1.0015573 0.9286876
[104,] 0.8974832 1.377444 1.726381 0.5401976 1.502086 1.728092 1.306410 1.0566103 1.0278375 0.9058482
[105,] 0.8620040 1.379043 1.695783 0.5313281 1.562216 1.730279 1.299724 1.0487643 1.0265437 0.9174589
[106,] 0.8556018 1.391550 1.686508 0.5237323 1.498150 1.731206 1.326859 1.0659452 1.0018392 0.9047464
[107,] 0.9113195 1.396357 1.717444 0.5266668 1.489351 1.740307 1.314791 1.0642858 1.0089644 0.8859866
[108,] 0.8920712 1.414353 1.730038 0.5347034 1.479321 1.710937 1.323437 1.0432223 1.0115276 0.9263497
[109,] 0.8805568 1.396375 1.739276 0.5279173 1.498070 1.726374 1.317486 1.0536381 1.0227424 0.8836863
[110,] 0.8756865 1.386499 1.751468 0.5330257 1.511484 1.720701 1.316123 1.0638002 1.0231205 0.9121744
[111,] 0.8785093 1.402680 1.741434 0.5414383 1.491360 1.712479 1.306754 1.0591021 1.0284248 0.9281221
[112,] 0.9061414 1.403743 1.724383 0.5261804 1.533236 1.691316 1.303062 1.0576548 1.0250280 0.8817593
[113,] 0.8922090 1.399319 1.741180 0.5496483 1.523536 1.703259 1.335379 1.0543615 1.0240236 0.9047143
[114,] 0.8874267 1.384569 1.713155 0.5209154 1.523526 1.718181 1.358868 1.0455122 1.0331106 0.9073585
[115,] 0.8879884 1.391535 1.727116 0.5401126 1.495860 1.720408 1.345026 1.0499272 1.0303275 0.8962772
[116,] 0.8971460 1.392256 1.699726 0.5563534 1.484217 1.699496 1.339367 1.0413334 1.0172203 0.8861044
[117,] 0.9155775 1.383747 1.702988 0.5014067 1.498188 1.728871 1.358898 1.0583994 1.0246581 0.9401535
[118,] 0.9001201 1.391097 1.727926 0.5386110 1.530546 1.728466 1.314508 1.0419051 1.0154421 0.9069324
[119,] 0.8980542 1.404525 1.716295 0.5380792 1.486199 1.724247 1.296657 1.0464132 1.0213169 0.9094789
[120,] 0.9040226 1.400944 1.702209 0.5176724 1.479941 1.731828 1.317335 1.0554458 1.0009177 0.8651286
[121,] 0.8612263 1.413423 1.684892 0.5504231 1.517210 1.734293 1.342048 1.0583501 1.0165373 0.9207740
[122,] 0.8819809 1.386633 1.701147 0.5060143 1.532175 1.735220 1.320146 1.0517586 1.0312753 0.9302976
[123,] 0.8846424 1.391764 1.713468 0.5537953 1.528937 1.732504 1.340985 1.0324277 1.0320851 0.8618786
[124,] 0.9107970 1.375638 1.723574 0.5379841 1.515377 1.737797 1.332206 1.0356861 1.0347112 0.9076888
[125,] 0.8828972 1.383491 1.685201 0.5392445 1.529553 1.748152 1.287318 1.0256981 1.0499123 0.9226211
[126,] 0.9149576 1.381511 1.686028 0.5412143 1.515524 1.745158 1.332849 1.0290364 1.0448210 0.9229820
[127,] 0.8894207 1.376963 1.697365 0.5527532 1.504443 1.738953 1.344801 1.0193301 1.0353323 0.9111419
[128,] 0.8834992 1.382396 1.696927 0.5326575 1.514872 1.710003 1.320419 1.0275188 1.0399205 0.9293782
[129,] 0.8814746 1.388518 1.680627 0.5334582 1.510295 1.734628 1.349721 1.0419739 1.0314634 0.9609585
[130,] 0.8952555 1.386133 1.694238 0.5199640 1.504849 1.727277 1.369523 1.0455352 1.0280795 0.8538788
[131,] 0.8836268 1.390203 1.716919 0.5130042 1.521793 1.725579 1.332796 1.0473445 1.0374721 0.9292191
[132,] 0.9125122 1.388896 1.693670 0.5194334 1.536194 1.729836 1.334348 1.0408078 1.0218400 0.9045392
[133,] 0.8984189 1.382246 1.717329 0.5267962 1.514091 1.725341 1.334543 1.0441495 1.0103936 0.9042893
[134,] 0.8978104 1.392871 1.696103 0.5136549 1.509328 1.719828 1.281992 1.0578819 1.0095021 0.8988615
[135,] 0.8724343 1.395085 1.705640 0.5479340 1.524975 1.724793 1.314373 1.0430040 1.0151979 0.9402497
[136,] 0.8953530 1.395150 1.689460 0.5280672 1.526227 1.729884 1.304598 1.0527547 1.0205373 0.9121721
[137,] 0.8488508 1.384587 1.669613 0.5090720 1.523301 1.731220 1.297347 1.0477634 1.0055908 0.9289447
[138,] 0.9024674 1.397207 1.709314 0.5367771 1.528440 1.720240 1.294094 1.0636876 1.0171977 0.8891397
[139,] 0.9009760 1.401449 1.731615 0.5271436 1.526168 1.713596 1.296747 1.0491525 1.0185101 0.8627202
[140,] 0.8755233 1.397396 1.736569 0.5337911 1.516772 1.708866 1.310310 1.0393611 1.0243591 0.8898862
[141,] 0.9012607 1.396121 1.712868 0.5394111 1.536212 1.714840 1.362909 1.0287471 1.0326684 0.9073586
[142,] 0.8833311 1.378425 1.671064 0.5464948 1.518864 1.729820 1.351624 1.0384422 1.0279085 0.8880125
[143,] 0.8674508 1.375957 1.709220 0.5567924 1.494885 1.706384 1.326423 1.0434388 1.0247970 0.8891646
[144,] 0.8936874 1.384407 1.692319 0.5282616 1.491434 1.722635 1.354727 1.0408097 1.0292025 0.9064421
[145,] 0.9096970 1.383051 1.689732 0.5580610 1.513554 1.725008 1.349753 1.0596296 1.0186128 0.9202144
[146,] 0.8826897 1.373892 1.680514 0.5299754 1.513685 1.730754 1.341065 1.0449311 1.0358196 0.8992038
[147,] 0.8873427 1.396564 1.691170 0.5468361 1.516903 1.723998 1.306421 1.0400132 1.0436102 0.8666056
[148,] 0.8688787 1.400715 1.712666 0.5152923 1.512645 1.708594 1.332253 1.0245975 1.0660506 0.9097907
[149,] 0.9059647 1.387414 1.693520 0.5339088 1.504990 1.731624 1.305052 1.0217054 1.0606782 0.8908305
[150,] 0.8887037 1.394186 1.718429 0.5165913 1.538405 1.733835 1.353212 1.0297787 1.0478414 0.8914907
[151,] 0.9040587 1.412015 1.711331 0.5492373 1.502516 1.737857 1.342541 1.0308109 1.0356701 0.9088722
[152,] 0.8916563 1.393375 1.675601 0.5240796 1.511704 1.705804 1.308782 1.0490562 1.0449177 0.9014060
[153,] 0.8600007 1.385337 1.683051 0.5096012 1.532630 1.724868 1.339068 1.0561593 1.0515963 0.9127196
[154,] 0.9038102 1.377467 1.692374 0.5620876 1.494981 1.722423 1.333168 1.0435870 1.0281009 0.9212481
[155,] 0.9239103 1.397694 1.693020 0.5326420 1.496050 1.722408 1.315656 1.0606739 1.0178802 0.9219081
[156,] 0.9072624 1.394800 1.711342 0.5235361 1.526725 1.719283 1.312798 1.0620962 0.9949346 0.9010185
[157,] 0.9106375 1.392891 1.690712 0.5498067 1.510527 1.710123 1.302430 1.0662738 1.0056625 0.9225531
[158,] 0.9188315 1.381225 1.667091 0.5123382 1.532140 1.723670 1.314368 1.0728078 1.0174784 0.9171568
[159,] 0.8956791 1.381921 1.719916 0.5220278 1.520629 1.712858 1.311415 1.0697724 1.0047630 0.9094558
[160,] 0.8702039 1.385730 1.707289 0.5084148 1.512061 1.713494 1.319360 1.0582844 0.9964632 0.9119720
[161,] 0.8836978 1.383372 1.696216 0.5122098 1.490478 1.730618 1.340832 1.0470796 0.9970198 0.9284831
[162,] 0.9185644 1.384849 1.705836 0.5246519 1.475854 1.720311 1.317064 1.0569125 1.0232160 0.8732922
[163,] 0.9014917 1.381550 1.701132 0.5325488 1.509817 1.743357 1.308488 1.0611492 1.0279399 0.9131449
[164,] 0.8888371 1.377315 1.670946 0.5642269 1.504469 1.727856 1.319206 1.0441978 1.0304058 0.9074008
[165,] 0.8764504 1.384810 1.692386 0.5205192 1.509544 1.718173 1.322420 1.0216860 1.0399086 0.8844672
[166,] 0.8786956 1.381737 1.713467 0.5236759 1.502236 1.719688 1.320556 1.0232460 1.0477535 0.8855161
[167,] 0.8803323 1.387571 1.697815 0.5182874 1.501900 1.725082 1.318620 1.0198009 1.0473909 0.8907707
[168,] 0.8861668 1.376722 1.695589 0.5217924 1.496175 1.720539 1.312678 1.0177520 1.0467860 0.8979521
[169,] 0.8749727 1.396508 1.698691 0.4900728 1.493012 1.722603 1.292057 1.0060060 1.0504805 0.9015745
[170,] 0.8685040 1.406839 1.696451 0.5330702 1.485853 1.710838 1.293999 1.0177490 1.0464147 0.8841699
[171,] 0.8932196 1.380405 1.737533 0.5276113 1.510524 1.702566 1.327830 1.0202485 1.0409486 0.8842816
[172,] 0.9089410 1.394910 1.731592 0.5264833 1.512698 1.722011 1.363183 1.0374027 1.0318370 0.8704196
[173,] 0.8750320 1.386029 1.715040 0.5203261 1.513985 1.733695 1.356910 1.0247482 1.0473311 0.9262468
[174,] 0.9090922 1.379959 1.708104 0.5273876 1.506359 1.730937 1.322973 1.0384488 1.0510583 0.9173249
[175,] 0.8949013 1.380069 1.694768 0.5300301 1.518372 1.742816 1.323596 1.0478538 1.0331532 0.9032816
[176,] 0.9069491 1.389038 1.712352 0.5487137 1.498910 1.734353 1.331306 1.0507928 1.0118042 0.9340309
[177,] 0.9135924 1.379594 1.711177 0.5369564 1.500403 1.733485 1.296215 1.0539088 1.0085056 0.9311411
[178,] 0.9031298 1.398730 1.721774 0.5308144 1.479032 1.728389 1.298680 1.0450571 1.0119494 0.9185613
[179,] 0.8853577 1.394533 1.728752 0.5253950 1.499406 1.733411 1.275794 1.0551348 1.0219362 0.8898820
[180,] 0.8808074 1.397134 1.696706 0.5332166 1.495695 1.722190 1.297770 1.0672720 1.0204912 0.9556883
[181,] 0.9039197 1.373660 1.684208 0.5471225 1.515801 1.706097 1.331902 1.0436996 1.0345644 0.9147161
[182,] 0.8854385 1.379210 1.716220 0.5652069 1.508428 1.701683 1.344010 1.0535264 1.0200113 0.9209922
[183,] 0.8721781 1.372485 1.734206 0.4898486 1.501524 1.699248 1.328872 1.0493564 1.0115393 0.9254456
[184,] 0.9145354 1.381620 1.709235 0.5274116 1.493786 1.726751 1.323988 1.0584244 1.0135542 0.9155508
[185,] 0.8877543 1.393177 1.721593 0.5240333 1.506282 1.720552 1.309597 1.0580516 1.0064622 0.8947872
[186,] 0.8989248 1.398229 1.732171 0.5345508 1.504621 1.731078 1.288893 1.0582748 1.0096144 0.9112337
[187,] 0.9087627 1.395409 1.756308 0.5138074 1.537770 1.711209 1.321305 1.0738666 1.0016763 0.9365121
[188,] 0.9042461 1.379177 1.726906 0.5191684 1.507997 1.718195 1.325276 1.0769997 1.0143827 0.8916585
[189,] 0.8869588 1.390311 1.708066 0.5194348 1.492521 1.718327 1.352626 1.0767075 1.0114007 0.9066046
[190,] 0.8927146 1.411934 1.719714 0.5355183 1.505926 1.732825 1.353213 1.0721649 1.0255411 0.9334957
[191,] 0.8791618 1.402248 1.728296 0.5100310 1.471032 1.732446 1.342397 1.0627864 1.0049021 0.9034862
[192,] 0.9102500 1.389693 1.712913 0.5352698 1.497875 1.708735 1.333123 1.0782969 0.9976468 0.8921967
[193,] 0.8801425 1.399664 1.687130 0.5439652 1.524172 1.731138 1.338600 1.0699058 1.0197424 0.8964998
[194,] 0.9010867 1.401220 1.702795 0.5301351 1.534636 1.718420 1.327091 1.0742550 1.0124426 0.8615618
[195,] 0.8610615 1.397078 1.710283 0.5298111 1.493238 1.736395 1.325186 1.0691127 1.0127062 0.9416802
[196,] 0.8532586 1.381528 1.695497 0.5299220 1.517691 1.729857 1.346848 1.0485376 0.9985054 0.9058701
[197,] 0.9093622 1.355068 1.710455 0.5211844 1.506489 1.725720 1.335325 1.0651201 0.9969140 0.8795528
[198,] 0.8974546 1.378176 1.709254 0.5229443 1.516751 1.708188 1.323210 1.0760823 1.0212828 0.9020052
[199,] 0.9017606 1.374097 1.729449 0.5505560 1.486587 1.728669 1.340486 1.0482524 1.0243169 0.8957432
[200,] 0.8877177 1.375709 1.704472 0.5116604 1.510211 1.726811 1.339633 1.0511636 1.0286906 0.8920836
[201,] 0.8638734 1.368617 1.682573 0.5283063 1.515552 1.719615 1.307106 1.0255972 1.0325672 0.8938634
[202,] 0.8778464 1.392995 1.679311 0.5593965 1.518270 1.742527 1.326927 1.0254716 1.0423628 0.9178047
[203,] 0.8854344 1.388172 1.716357 0.5231761 1.481868 1.729098 1.300632 1.0220739 1.0296703 0.9255914
[204,] 0.9234318 1.390069 1.705418 0.5194785 1.500852 1.725351 1.325491 1.0505483 1.0557756 0.8896445
[205,] 0.9059548 1.391032 1.684882 0.5178636 1.473466 1.723946 1.358295 1.0414666 1.0326895 0.9209880
[206,] 0.8832622 1.394585 1.736061 0.5408454 1.511206 1.732524 1.328977 1.0599639 1.0374620 0.8823805
[207,] 0.9059335 1.396790 1.689133 0.5301824 1.489964 1.748806 1.316194 1.0520637 1.0246621 0.8877061
[208,] 0.9041785 1.377205 1.719284 0.5448972 1.536649 1.745127 1.350020 1.0607631 1.0229643 0.9007839
[209,] 0.9096053 1.380461 1.687077 0.5496185 1.501567 1.743651 1.334602 1.0446606 1.0150882 0.8911714
[210,] 0.8821994 1.408792 1.684804 0.5339862 1.533185 1.695467 1.300876 1.0651875 1.0251820 0.8847723
[211,] 0.9017695 1.381325 1.708185 0.5273193 1.493628 1.713983 1.297983 1.0750491 1.0182103 0.8793868
[212,] 0.8991204 1.395674 1.723097 0.5070723 1.512321 1.727146 1.345109 1.0602579 1.0122528 0.8944461
[213,] 0.8943440 1.388302 1.733828 0.5175063 1.511838 1.721356 1.300076 1.0630364 1.0122563 0.9260666
[214,] 0.8885406 1.413362 1.719070 0.5503223 1.493318 1.725971 1.302737 1.0508190 1.0201583 0.8950021
[215,] 0.9066006 1.396768 1.714062 0.5412941 1.505443 1.708592 1.329574 1.0592721 1.0197579 0.8812852
[216,] 0.8756649 1.377474 1.678440 0.5207938 1.516064 1.729441 1.344853 1.0676141 1.0246825 0.8826027
[217,] 0.9081457 1.397525 1.693007 0.5279286 1.527356 1.716578 1.312489 1.0741799 1.0134298 0.8856635
[218,] 0.8654093 1.387383 1.702328 0.4993359 1.529949 1.721761 1.329089 1.0490478 1.0222805 0.8884750
[219,] 0.8941426 1.388682 1.722128 0.5172595 1.506428 1.706239 1.310859 1.0484063 1.0158977 0.9348938
[220,] 0.8844691 1.389058 1.740977 0.5387405 1.538727 1.726346 1.303320 1.0512965 1.0265274 0.9151403
[221,] 0.8920609 1.375617 1.739710 0.5364679 1.511930 1.730540 1.353631 1.0391326 1.0314442 0.9081196
[222,] 0.9002278 1.405116 1.721609 0.5172449 1.525509 1.733748 1.306865 1.0274531 1.0276718 0.8873985
[223,] 0.8776557 1.389029 1.738106 0.5216779 1.534813 1.722052 1.305423 1.0345272 1.0461853 0.9277849
[224,] 0.8856360 1.382889 1.760774 0.5227215 1.506575 1.711116 1.293025 1.0330861 1.0472330 0.9008502
[225,] 0.8690060 1.398744 1.755117 0.5292643 1.526400 1.740759 1.312848 1.0133702 1.0567338 0.9011152
[226,] 0.8968981 1.392497 1.748051 0.5360231 1.528312 1.726309 1.339676 1.0308468 1.0364726 0.9127100
[227,] 0.8869549 1.397138 1.713008 0.5030973 1.485232 1.723853 1.298671 1.0527198 1.0317671 0.9210903
[228,] 0.8853876 1.404762 1.729368 0.5295009 1.529191 1.745714 1.291995 1.0528436 1.0267627 0.9003253
[229,] 0.9314298 1.390649 1.691723 0.5298737 1.502113 1.728307 1.308364 1.0385382 1.0424904 0.8992630
[230,] 0.9110980 1.397271 1.704239 0.5247061 1.512818 1.737856 1.309625 1.0445597 1.0308577 0.9361391
[231,] 0.8902452 1.396927 1.657920 0.5288650 1.500366 1.736053 1.308838 1.0436124 1.0193388 0.8848293
[232,] 0.8500240 1.405757 1.680775 0.5386949 1.515457 1.728962 1.348039 1.0283227 1.0380415 0.9226714
[233,] 0.8429480 1.385165 1.698385 0.5450755 1.516721 1.735151 1.365094 1.0478167 1.0200901 0.9041638
[234,] 0.8772628 1.376197 1.707562 0.5221311 1.512795 1.701891 1.330631 1.0363738 1.0059820 0.9103252
[235,] 0.8962766 1.389790 1.719126 0.5307606 1.523229 1.700493 1.322795 1.0441857 1.0110485 0.9003060
[236,] 0.9101365 1.394829 1.715161 0.5188074 1.495364 1.701978 1.341980 1.0385406 1.0249003 0.9487123
[237,] 0.9010637 1.385978 1.715313 0.5624063 1.494877 1.721774 1.336508 1.0488603 1.0298919 0.9183029
[238,] 0.8963820 1.388512 1.739564 0.5144700 1.502734 1.710908 1.316080 1.0582218 1.0080348 0.9222169
[239,] 0.8995174 1.403998 1.747286 0.5270671 1.488608 1.710251 1.311634 1.0496769 1.0274984 0.8889153
[240,] 0.8991219 1.393972 1.738767 0.5334736 1.502250 1.719532 1.324012 1.0663470 1.0101226 0.9051623
[241,] 0.9245663 1.402033 1.721833 0.5311210 1.506953 1.704034 1.299560 1.0636295 1.0088253 0.8983142
[242,] 0.9186356 1.395792 1.736792 0.5154221 1.516696 1.701982 1.309962 1.0592542 1.0121551 0.9022316
[243,] 0.8798361 1.391152 1.725407 0.5205649 1.506091 1.711978 1.293008 1.0489743 1.0334634 0.8974298
[244,] 0.9034357 1.418026 1.749159 0.5443948 1.507406 1.741588 1.310956 1.0628069 1.0249713 0.8838237
[245,] 0.8898653 1.387388 1.712202 0.5585997 1.537219 1.735159 1.328079 1.0473885 1.0082490 0.8759855
[246,] 0.9068161 1.403009 1.712970 0.5527100 1.526275 1.716026 1.356062 1.0551250 1.0129504 0.8703708
[247,] 0.8881103 1.384069 1.737126 0.5249024 1.493569 1.721838 1.370644 1.0792278 1.0043997 0.8868600
[248,] 0.9120488 1.386803 1.697375 0.5260584 1.497880 1.716746 1.325794 1.0574924 1.0086161 0.8919128
[249,] 0.8975916 1.389599 1.711330 0.5451281 1.520261 1.696105 1.362609 1.0412906 1.0277197 0.9160443
[250,] 0.9014303 1.377537 1.721839 0.5056067 1.501569 1.695551 1.324428 1.0438527 1.0102162 0.9013611
[251,] 0.8821125 1.392731 1.721045 0.5433747 1.519839 1.704319 1.351546 1.0512993 1.0094203 0.8771165
[252,] 0.9063234 1.397225 1.726344 0.5483459 1.519908 1.716627 1.334285 1.0479628 1.0098850 0.8946322
[253,] 0.9202103 1.388298 1.747619 0.5007050 1.506578 1.714343 1.308087 1.0552911 1.0085994 0.8974977
[254,] 0.9058125 1.394755 1.727888 0.5410183 1.515412 1.718502 1.294255 1.0620052 1.0165253 0.8912396
[255,] 0.8857020 1.383503 1.717900 0.5302049 1.545963 1.713009 1.306726 1.0730664 1.0227610 0.9368590
[256,] 0.8809176 1.391029 1.707863 0.5359961 1.486298 1.725675 1.306321 1.0644643 1.0155677 0.8936345
[257,] 0.8960380 1.388106 1.724058 0.5307462 1.513439 1.713337 1.326187 1.0482564 1.0084264 0.8865454
[258,] 0.9129439 1.385505 1.669457 0.5238144 1.502535 1.729922 1.329926 1.0486142 1.0207664 0.9233054
[259,] 0.8919015 1.390124 1.699325 0.5226099 1.490651 1.714573 1.350766 1.0640275 1.0213639 0.8988599
[260,] 0.8678038 1.394967 1.734505 0.5165915 1.493577 1.719732 1.364296 1.0787795 1.0183526 0.9026071
[261,] 0.8704866 1.393048 1.729358 0.5224552 1.501897 1.716751 1.345905 1.0614178 0.9930909 0.9252004
[262,] 0.8964693 1.381919 1.733866 0.5514624 1.513840 1.727498 1.335662 1.0540755 1.0077592 0.9183818
[263,] 0.8671428 1.384744 1.732979 0.5386817 1.505554 1.731524 1.319872 1.0456551 1.0097373 0.8908452
[264,] 0.9036111 1.386395 1.727459 0.5382189 1.484302 1.736052 1.300623 1.0664631 1.0353817 0.8779776
[265,] 0.8893942 1.395596 1.712047 0.5264673 1.523892 1.722209 1.315567 1.0492790 1.0074394 0.9144912
[266,] 0.9087853 1.381559 1.728629 0.5440878 1.495242 1.718644 1.297114 1.0575124 1.0229918 0.8872967
[267,] 0.8709065 1.398783 1.738222 0.5251595 1.492019 1.719877 1.269140 1.0275312 1.0407842 0.9204813
[268,] 0.9118523 1.391965 1.798124 0.5527105 1.501310 1.704001 1.284740 1.0468122 1.0401658 0.9293395
[269,] 0.9135316 1.393574 1.772840 0.5536985 1.517950 1.697011 1.295209 1.0275509 1.0409305 0.9303602
[270,] 0.8985225 1.377668 1.748465 0.5554013 1.506260 1.738303 1.281794 1.0231266 1.0252023 0.8980656
[271,] 0.9079691 1.398088 1.709601 0.5285354 1.477711 1.706937 1.317236 1.0273601 1.0297430 0.9009837
[272,] 0.9196475 1.393914 1.716938 0.5482007 1.466601 1.741940 1.312757 1.0178271 1.0447175 0.8889147
[273,] 0.8834171 1.412610 1.748541 0.5451386 1.507587 1.734907 1.305387 1.0371089 1.0413222 0.8845782
[274,] 0.8950492 1.386237 1.702191 0.5061639 1.506351 1.719476 1.352952 1.0103541 1.0581513 0.8705954
[275,] 0.8820461 1.384937 1.676629 0.5359218 1.498894 1.728123 1.354843 1.0082322 1.0532790 0.8936745
[276,] 0.8852741 1.393575 1.630973 0.5268461 1.509321 1.737684 1.339066 1.0268839 1.0429014 0.9095241
[277,] 0.8960515 1.394209 1.647181 0.5247991 1.513024 1.732548 1.304221 1.0376324 1.0476849 0.9050501
[278,] 0.8770503 1.399261 1.660081 0.5479805 1.528194 1.745361 1.330461 1.0127106 1.0485960 0.9140109
[279,] 0.8980238 1.365210 1.695962 0.5267292 1.508641 1.721424 1.342422 1.0326572 1.0434158 0.9266671
[280,] 0.8687227 1.367268 1.710160 0.5224955 1.516127 1.714277 1.331737 1.0225290 1.0398291 0.8977121
[281,] 0.8905089 1.390308 1.709130 0.5141880 1.509517 1.724281 1.297550 1.0355288 1.0417074 0.9085929
[282,] 0.9136784 1.394880 1.722467 0.5515576 1.492106 1.715777 1.293455 1.0326852 1.0450868 0.9059444
[283,] 0.8736654 1.388382 1.734342 0.5304161 1.513309 1.700166 1.285623 1.0310634 1.0293762 0.8904960
[284,] 0.9012033 1.398573 1.763076 0.5454479 1.520111 1.718016 1.293270 1.0324854 1.0171917 0.9217528
[285,] 0.8805320 1.406857 1.721763 0.5405860 1.509227 1.718716 1.258496 1.0516539 1.0312404 0.8872829
[286,] 0.8874541 1.407200 1.720122 0.5371494 1.502579 1.711348 1.292255 1.0477847 1.0273569 0.9097993
[287,] 0.8770505 1.391949 1.729468 0.5232266 1.520740 1.715890 1.290055 1.0456126 1.0243372 0.8957499
[288,] 0.9197347 1.379024 1.747439 0.5052370 1.522432 1.698675 1.305510 1.0457006 1.0264178 0.9071828
[289,] 0.8918431 1.366817 1.739133 0.5362186 1.494998 1.705654 1.329411 1.0395947 1.0343202 0.8784111
[290,] 0.8770660 1.383755 1.689265 0.5321448 1.526488 1.710354 1.314801 1.0602799 1.0088167 0.8921463
[291,] 0.9133117 1.395792 1.705990 0.5507027 1.532908 1.723354 1.315392 1.0505138 1.0337270 0.8652872
[292,] 0.8797879 1.393489 1.700741 0.5200843 1.497711 1.736374 1.330025 1.0312999 1.0383369 0.9113478
[293,] 0.8429668 1.390907 1.686988 0.5035640 1.489770 1.729301 1.275601 1.0291329 1.0258039 0.9329319
[294,] 0.8658119 1.379046 1.683676 0.5205548 1.501730 1.721694 1.293664 1.0276068 1.0269536 0.9090259
[295,] 0.8937684 1.394328 1.670981 0.5426607 1.506149 1.738740 1.316744 1.0419804 1.0114604 0.8970006
[296,] 0.8888972 1.393859 1.686521 0.5295417 1.524655 1.733685 1.326719 1.0500228 1.0155428 0.8979630
[297,] 0.8831884 1.388738 1.678377 0.5303129 1.522744 1.726364 1.338230 1.0410711 1.0180314 0.9027532
[298,] 0.9079938 1.391035 1.696127 0.5466797 1.501251 1.735472 1.345585 1.0506813 1.0274819 0.8808467
[299,] 0.9099874 1.394569 1.706576 0.5300635 1.493466 1.722018 1.288093 1.0325406 1.0262970 0.8957274
[300,] 0.9050654 1.380805 1.702306 0.5299630 1.506735 1.728030 1.281091 1.0258704 1.0483183 0.8795879

$vu
            [,1]      [,2]      [,3]     [,4]     [,5]      [,6]      [,7]     [,8]     [,9]    [,10]
  [1,] 1.1645527 1.0380129 1.0677924 1.306608 1.391594 0.9702926 0.9004374 1.273730 1.247031 1.721839
  [2,] 1.1762644 1.0113119 1.0219639 1.242285 1.386122 1.0154783 0.9419456 1.273329 1.234782 1.709282
  [3,] 1.1180128 0.9971523 0.9776999 1.266328 1.398675 1.0182548 0.9684518 1.286002 1.234368 1.690890
  [4,] 1.0032865 0.9574033 1.0125948 1.268445 1.408765 1.0078024 0.9706704 1.263152 1.242413 1.735680
  [5,] 0.9848898 0.9468176 1.0247221 1.287368 1.396545 0.9837569 0.9873486 1.266655 1.236964 1.698325
  [6,] 1.0070542 0.9422643 1.0463401 1.277311 1.400941 0.9975702 1.0130929 1.250702 1.224977 1.742398
  [7,] 1.0101670 0.9562251 1.0317551 1.272256 1.439278 1.0225235 1.0370213 1.263386 1.225498 1.714027
  [8,] 1.0139028 0.9452038 1.0007915 1.275969 1.418382 1.0202308 0.9867681 1.253375 1.240465 1.728997
  [9,] 1.0197993 0.9751664 1.0318978 1.256631 1.407034 1.0073670 0.9447864 1.242468 1.247021 1.714753
 [10,] 0.9932234 0.9659647 1.0391991 1.265747 1.438842 1.0082215 0.9262271 1.226519 1.225542 1.734302
 [11,] 0.9968665 0.9759146 1.0601684 1.250703 1.419793 1.0164233 0.9246585 1.220259 1.226387 1.772961
 [12,] 0.9906050 0.9645929 1.1057479 1.262920 1.412223 1.0221671 0.9142524 1.227270 1.253810 1.706585
 [13,] 0.9709407 0.9616885 1.0855822 1.255260 1.438422 0.9940316 0.9793825 1.236114 1.236886 1.654348
 [14,] 1.0126962 0.9524572 1.0510371 1.270693 1.419358 0.9993856 0.9396030 1.226900 1.251927 1.785930
 [15,] 1.0298985 0.9448526 1.0359497 1.264214 1.410041 1.0047506 0.9425293 1.244674 1.235615 1.742033
 [16,] 1.0288895 0.9429300 1.0747008 1.285115 1.408084 1.0080031 0.9691247 1.269328 1.247131 1.731424
 [17,] 1.0698346 0.9411063 1.0151478 1.258145 1.408549 1.0505334 0.9482841 1.264546 1.250188 1.739743
 [18,] 1.0224110 0.9589706 0.9852576 1.270490 1.389795 1.0481894 0.9471794 1.255939 1.212609 1.720541
 [19,] 1.0670918 0.9667241 0.9665930 1.255220 1.419705 1.0515163 0.8859408 1.276030 1.233299 1.754495
 [20,] 1.0083716 0.9531964 0.9634594 1.282239 1.387675 1.0487355 0.9601825 1.290726 1.211618 1.751657
 [21,] 1.0168569 0.9489139 0.9320990 1.232241 1.420504 1.0444953 0.9373949 1.267255 1.217718 1.750560
 [22,] 1.0557155 0.9788565 0.9638233 1.274775 1.437995 1.0436774 0.9246646 1.256309 1.244177 1.755112
 [23,] 1.0550058 0.9685336 0.9777671 1.251154 1.381810 1.0300394 0.9684620 1.235197 1.238954 1.721351
 [24,] 1.0177027 0.9651680 1.0168017 1.283278 1.388575 1.0041287 0.9562186 1.245905 1.236376 1.717392
 [25,] 1.0195174 0.9689571 1.0226084 1.281941 1.401249 1.0180706 0.9705969 1.215374 1.260532 1.758017
 [26,] 1.0069179 0.9711498 1.0227861 1.316040 1.379713 1.0220844 0.9390501 1.229226 1.236066 1.704815
 [27,] 1.0083477 0.9557538 1.0383034 1.261146 1.423370 1.0134970 0.9207602 1.238880 1.230345 1.757384
 [28,] 1.0219065 0.9503975 1.0421554 1.258670 1.421515 1.0019668 0.9016151 1.255924 1.218488 1.709794
 [29,] 1.0422373 0.9600922 1.0280241 1.241983 1.369766 1.0204538 0.9287377 1.263136 1.215864 1.751035
 [30,] 1.0256898 0.9672154 1.0660689 1.259534 1.429917 1.0002228 0.9111565 1.283651 1.227439 1.755019
 [31,] 1.0147173 0.9619878 1.0536623 1.252814 1.412907 1.0398345 0.9427559 1.275656 1.243095 1.745002
 [32,] 1.0202681 0.9735841 1.0345018 1.242023 1.420346 1.0241469 0.9073144 1.252409 1.242209 1.743367
 [33,] 1.0253154 0.9672372 1.0108842 1.243218 1.397660 1.0126035 0.8950254 1.264179 1.247186 1.723131
 [34,] 1.0351358 0.9768993 1.0390489 1.262476 1.410645 1.0142543 0.9481516 1.225596 1.241385 1.749973
 [35,] 1.0300608 0.9721914 1.0694454 1.269677 1.401541 1.0217509 0.9348754 1.225398 1.276187 1.753810
 [36,] 1.0430061 0.9662341 1.0387010 1.260176 1.369200 1.0071881 0.9297770 1.227782 1.258900 1.679263
 [37,] 1.0110706 0.9673246 1.0199101 1.287990 1.388364 1.0168638 0.9116419 1.227238 1.238666 1.751550
 [38,] 1.0399242 0.9729785 1.0188735 1.270428 1.415369 1.0193589 0.9197365 1.227480 1.248952 1.744340
 [39,] 1.0575717 0.9791430 1.0042411 1.280810 1.407157 1.0323494 0.8998123 1.221338 1.234397 1.723636
 [40,] 1.0182787 0.9711993 1.0330038 1.273973 1.383645 1.0266720 0.8974793 1.236218 1.241287 1.723152
 [41,] 1.0247133 0.9460200 1.0275283 1.283123 1.414023 1.0042736 0.9372567 1.224012 1.254932 1.720115
 [42,] 1.0094719 0.9656410 1.0763244 1.289542 1.414119 1.0286318 0.9144489 1.218880 1.248708 1.720928
 [43,] 0.9853320 0.9595820 1.0573605 1.259821 1.479095 0.9985916 0.9328507 1.228045 1.251401 1.730079
 [44,] 1.0613611 0.9616784 1.1120164 1.269847 1.435867 0.9982244 0.9584565 1.231591 1.248494 1.748258
 [45,] 1.0632368 0.9565189 1.1015542 1.272169 1.399697 0.9970921 0.9035458 1.229413 1.254883 1.717404
 [46,] 1.0569688 0.9935560 1.0681063 1.273426 1.402493 0.9858294 0.8777033 1.243089 1.259090 1.736455
 [47,] 1.0338206 0.9705067 1.0607281 1.240241 1.441454 0.9927259 0.8970528 1.215969 1.262435 1.717271
 [48,] 1.0182503 0.9512784 1.0661585 1.270535 1.426740 0.9783063 0.9151359 1.214301 1.248730 1.716358
 [49,] 1.0174722 0.9645480 1.0518842 1.277449 1.385191 1.0143911 0.9401029 1.225322 1.242523 1.766770
 [50,] 1.0200390 0.9749056 1.0454947 1.265122 1.369636 1.0059486 0.9397274 1.238380 1.226139 1.743943
 [51,] 1.0261178 0.9369551 1.0051673 1.265390 1.391091 1.0242942 0.9555076 1.226754 1.261240 1.700982
 [52,] 1.0198969 0.9690454 0.9914837 1.267151 1.405947 1.0018904 0.9109701 1.244046 1.246571 1.736691
 [53,] 1.0234227 0.9675574 1.0319588 1.251822 1.375239 1.0118255 0.9274727 1.225998 1.244990 1.770563
 [54,] 1.0620401 0.9528293 1.0703157 1.253284 1.427111 0.9980644 0.9206094 1.218920 1.243640 1.716401
 [55,] 1.0300792 0.9597776 1.0786749 1.261683 1.457542 0.9963789 0.9042644 1.234287 1.269062 1.752158
 [56,] 1.0233813 0.9753612 1.0645812 1.271453 1.399682 1.0231972 0.9502126 1.238341 1.250979 1.742527
 [57,] 1.0277999 0.9621797 1.0397742 1.255773 1.435089 1.0043376 0.9818267 1.231957 1.228303 1.733674
 [58,] 1.0262697 0.9659073 1.0667178 1.269170 1.391448 1.0051442 0.9808616 1.229071 1.217846 1.710919
 [59,] 1.0087726 0.9606672 1.0667957 1.262700 1.414050 1.0297770 0.9036078 1.247846 1.218265 1.774375
 [60,] 1.0304293 0.9668682 1.0750919 1.250251 1.393240 1.0270471 0.9242260 1.245843 1.235897 1.722951
 [61,] 1.0497383 0.9568746 1.0596680 1.242158 1.405114 1.0129185 0.9093462 1.245943 1.227550 1.704358
 [62,] 1.0064412 0.9529310 1.0874639 1.259230 1.415768 1.0106117 0.9067988 1.249304 1.258686 1.755897
 [63,] 1.0208132 0.9557254 1.1006611 1.263597 1.444539 1.0196185 0.9150602 1.258405 1.240085 1.763077
 [64,] 1.0248512 0.9560695 1.0256852 1.255778 1.393817 1.0183307 0.9089246 1.262360 1.235106 1.720036
 [65,] 1.0177844 0.9566900 1.0427731 1.256026 1.401099 1.0049365 0.9562114 1.272187 1.228621 1.742859
 [66,] 1.0098757 0.9491647 1.0809464 1.258140 1.381936 0.9942042 0.9598088 1.269701 1.221793 1.767324
 [67,] 1.0572102 0.9474912 1.0431352 1.248128 1.416428 1.0041744 0.9359573 1.274321 1.223682 1.764592
 [68,] 1.0431827 0.9531686 1.0406908 1.270263 1.424769 1.0040172 0.9265592 1.287057 1.218824 1.787764
 [69,] 1.0467468 0.9692251 1.0028356 1.262379 1.403273 1.0334682 0.9603615 1.262917 1.217997 1.780606
 [70,] 1.0228777 0.9741693 1.0053601 1.247945 1.386519 1.0164507 0.9142291 1.243085 1.233169 1.744404
 [71,] 1.0490317 0.9649129 1.0513485 1.255594 1.404725 1.0249111 0.9192452 1.241545 1.230216 1.716261
 [72,] 1.0026888 0.9691587 1.0345565 1.281213 1.409460 1.0241664 0.9244141 1.237772 1.244141 1.698765
 [73,] 1.0122444 0.9669486 1.0600347 1.245834 1.387450 1.0068141 0.9095718 1.240196 1.225773 1.730701
 [74,] 1.0471361 0.9537289 1.0686881 1.270106 1.388280 1.0056675 0.9455007 1.260712 1.235492 1.681523
 [75,] 1.0343580 0.9542707 1.0428832 1.283473 1.432961 1.0286001 0.9684877 1.245990 1.222308 1.732344
 [76,] 1.0439361 0.9680308 1.0317241 1.251508 1.412835 1.0162328 0.9521710 1.257198 1.257114 1.754217
 [77,] 1.0330885 0.9630679 1.0054955 1.221541 1.428084 1.0285100 0.9273712 1.221500 1.259985 1.705361
 [78,] 1.0007822 0.9761242 1.0427202 1.273620 1.402640 1.0393296 0.8974385 1.229174 1.252115 1.759155
 [79,] 1.0164936 0.9640638 1.0319762 1.237341 1.399421 1.0261220 0.9328314 1.268482 1.246672 1.743091
 [80,] 0.9982384 0.9604543 1.0175058 1.281067 1.429238 1.0271494 0.9362837 1.243685 1.225489 1.708974
 [81,] 1.0339657 0.9712807 1.0279841 1.287547 1.422370 1.0248100 0.9366835 1.246284 1.220998 1.725697
 [82,] 1.0209523 0.9587110 1.0205344 1.295052 1.398554 1.0381667 0.9426634 1.233413 1.242309 1.669298
 [83,] 1.0128710 0.9828119 1.0097235 1.270161 1.429294 1.0429359 0.9255617 1.262988 1.231023 1.731211
 [84,] 1.0037766 0.9644988 0.9950832 1.232409 1.401436 1.0029128 0.9155455 1.274020 1.230991 1.752937
 [85,] 1.0588410 0.9638565 1.0295041 1.249921 1.427362 1.0332670 0.9224897 1.248964 1.249807 1.727806
 [86,] 1.0262484 0.9707903 1.0199557 1.236447 1.396761 1.0001345 0.8671831 1.261051 1.208231 1.744526
 [87,] 1.0196532 0.9673347 1.0040118 1.257157 1.413202 1.0197879 0.9296420 1.260583 1.224958 1.692575
 [88,] 1.0032772 0.9436353 0.9815759 1.250174 1.392405 1.0151649 0.9243608 1.256211 1.225647 1.719233
 [89,] 0.9550879 0.9656020 1.0266407 1.258111 1.404372 1.0104506 0.9348731 1.238353 1.255330 1.721082
 [90,] 1.0182273 0.9457073 1.0562970 1.296650 1.409363 1.0229937 0.9183936 1.238667 1.243497 1.739919
 [91,] 1.0064019 0.9422215 1.0941721 1.277392 1.403362 1.0104334 0.9483070 1.236716 1.248063 1.761558
 [92,] 1.0243320 0.9648137 1.0239516 1.256206 1.405358 1.0245373 0.9429713 1.237868 1.252190 1.719232
 [93,] 1.0489636 0.9595806 1.0547775 1.248570 1.421635 1.0081222 0.9351547 1.235886 1.224351 1.727006
 [94,] 1.0076890 0.9612970 1.0177957 1.215018 1.453604 1.0097931 0.9185808 1.257145 1.230915 1.723536
 [95,] 1.0264682 0.9788527 1.0420299 1.269773 1.441956 0.9954134 0.9420765 1.238066 1.231700 1.755054
 [96,] 1.0408112 0.9846741 1.1039328 1.283960 1.416042 1.0133506 0.9439101 1.247297 1.227160 1.701402
 [97,] 1.0498130 0.9597368 1.0766289 1.249114 1.404567 0.9953614 0.9281934 1.254745 1.222567 1.727175
 [98,] 1.0242292 0.9621877 1.0782918 1.243463 1.387247 0.9914391 0.9171407 1.275538 1.207210 1.748426
 [99,] 1.0438212 0.9621850 1.0434389 1.248084 1.384590 1.0272310 0.9015384 1.257622 1.240847 1.743349
[100,] 0.9639177 0.9659989 1.0673534 1.264554 1.414039 1.0219878 0.9260220 1.260680 1.223411 1.748123
[101,] 0.9660185 0.9630324 1.0295118 1.274006 1.404055 0.9912499 0.9220381 1.299968 1.227797 1.716493
[102,] 1.0216670 0.9807037 1.0642625 1.255154 1.413852 0.9880489 0.9130490 1.280510 1.200011 1.715647
[103,] 1.0071431 0.9768941 1.0757463 1.266104 1.406745 1.0037668 0.9066839 1.283826 1.224484 1.762051
[104,] 1.0356055 0.9392282 1.0750384 1.264441 1.379210 1.0000154 0.9366084 1.277191 1.223678 1.758728
[105,] 1.0064897 0.9598334 1.0365449 1.256562 1.381644 1.0222193 0.9098681 1.266699 1.219065 1.721120
[106,] 1.0305284 0.9810483 1.0471719 1.268035 1.401983 0.9974870 0.8782685 1.268365 1.226269 1.712729
[107,] 1.0111702 0.9713180 1.0896231 1.265095 1.388876 1.0018334 0.8651304 1.238935 1.228412 1.758049
[108,] 1.0111764 0.9666463 1.0875462 1.268290 1.397173 0.9970678 0.9093699 1.254585 1.206534 1.720819
[109,] 1.0231089 0.9659468 1.0811451 1.288743 1.384277 1.0023282 0.9265349 1.265820 1.222344 1.751458
[110,] 1.0188179 0.9825623 1.0622255 1.232599 1.418707 0.9807869 0.9473864 1.285310 1.233392 1.743329
[111,] 1.0407948 0.9370571 1.0410762 1.255399 1.403421 1.0133302 0.9795403 1.269785 1.243796 1.738914
[112,] 1.0029825 0.9594301 1.0258689 1.255597 1.452960 1.0210443 0.9600132 1.279137 1.229877 1.781802
[113,] 0.9679210 0.9547072 1.0035226 1.261562 1.417801 1.0131059 0.9469547 1.272556 1.241402 1.710078
[114,] 0.9595952 0.9410023 1.0041064 1.250863 1.412888 1.0367805 0.9163905 1.227430 1.247960 1.748537
[115,] 1.0133091 0.9637027 1.0532584 1.274220 1.387204 1.0184870 0.9436019 1.224271 1.250870 1.737524
[116,] 1.0447924 0.9697924 1.0816079 1.275422 1.391906 1.0151461 1.0050713 1.262865 1.232240 1.773583
[117,] 1.0725671 0.9463560 1.0696071 1.252963 1.405768 0.9963932 0.9592584 1.239505 1.237531 1.710465
[118,] 1.0834116 0.9612318 1.0945200 1.272312 1.393463 1.0001012 0.9660130 1.263382 1.225789 1.784975
[119,] 1.0795253 0.9440822 1.0787151 1.224261 1.396056 1.0387042 0.9795345 1.260703 1.221106 1.740563
[120,] 1.0520381 0.9543940 1.0830641 1.281705 1.405005 1.0170722 0.9292823 1.276370 1.220523 1.742161
[121,] 1.0330420 0.9498367 1.0497130 1.269618 1.435108 1.0124823 0.9391042 1.282962 1.204901 1.771474
[122,] 1.0435786 0.9603035 1.0335474 1.261029 1.391110 1.0326593 0.9436117 1.279121 1.201148 1.694351
[123,] 1.0517936 0.9881554 1.0546101 1.282704 1.376501 1.0159602 0.9088970 1.284554 1.197136 1.733813
[124,] 1.0348194 0.9382594 1.0856655 1.294283 1.397250 1.0018438 0.9465234 1.272234 1.221214 1.739136
[125,] 1.0371306 0.9577683 1.0975520 1.252442 1.427797 1.0063786 0.9666592 1.262120 1.221057 1.722040
[126,] 0.9997363 0.9545844 1.0567260 1.280714 1.412571 0.9888992 0.9369088 1.268237 1.228930 1.743079
[127,] 0.9846852 0.9516150 1.0774588 1.274821 1.384754 1.0249777 0.9532070 1.277226 1.226422 1.697092
[128,] 1.0378434 0.9585931 1.0754705 1.272341 1.437399 1.0299711 0.9383032 1.246454 1.229076 1.698168
[129,] 1.0542521 0.9727175 1.0611178 1.276020 1.412681 0.9979802 0.9430245 1.237822 1.222499 1.700333
[130,] 1.0349895 0.9726301 1.0842364 1.262205 1.408446 0.9822977 0.9255843 1.246894 1.223814 1.747582
[131,] 1.0017464 0.9633258 1.1208982 1.276765 1.418240 1.0051430 0.9234158 1.274527 1.223810 1.759852
[132,] 0.9807902 0.9674906 1.0827979 1.243225 1.391849 1.0111333 0.9310838 1.286368 1.208979 1.710525
[133,] 1.0123272 0.9517734 1.1016727 1.255287 1.431145 0.9872009 0.9582894 1.276894 1.219292 1.741153
[134,] 1.0077772 0.9586842 1.0932737 1.250832 1.430850 0.9829019 0.9505804 1.259275 1.214594 1.739336
[135,] 0.9531336 0.9626560 1.0725471 1.247161 1.396171 1.0086057 0.9397629 1.285474 1.231212 1.723226
[136,] 0.9867061 0.9709703 1.0565696 1.252069 1.416921 1.0051105 0.9282228 1.269262 1.224021 1.771417
[137,] 1.0008324 0.9579310 1.0508884 1.280460 1.408700 1.0129662 0.9259594 1.297640 1.228740 1.781494
[138,] 1.0203846 0.9571227 1.0593676 1.260119 1.396171 1.0218769 0.9307150 1.289392 1.228230 1.720661
[139,] 1.0120581 0.9650908 1.0645766 1.270738 1.406969 1.0038446 0.9094878 1.264835 1.230733 1.766178
[140,] 1.0478350 0.9638182 1.0679068 1.255942 1.389836 1.0174074 0.9328635 1.270115 1.229569 1.728215
[141,] 1.0230233 0.9678805 1.0543596 1.250534 1.448264 0.9949743 0.9110952 1.289568 1.229653 1.773086
[142,] 1.0254951 0.9659023 1.0527648 1.282904 1.415376 1.0088686 0.8560890 1.285805 1.220431 1.774379
[143,] 1.0465224 0.9820214 1.0627828 1.285353 1.409681 0.9975638 0.9282328 1.242547 1.229919 1.691418
[144,] 1.0221937 0.9571327 1.0596949 1.235411 1.413225 1.0226953 0.9641984 1.260833 1.245835 1.725549
[145,] 1.0034576 0.9517701 1.0350720 1.280783 1.387908 1.0228033 0.9899950 1.275355 1.257117 1.727143
[146,] 1.0386806 0.9568377 1.0300565 1.279644 1.421820 1.0332880 0.9593499 1.262174 1.265447 1.727488
[147,] 1.0337451 0.9552817 1.0847206 1.229063 1.395852 0.9891842 0.9309194 1.227015 1.242125 1.705995
[148,] 1.0373251 0.9702129 1.0512745 1.266506 1.443870 1.0086087 0.9585455 1.233641 1.234042 1.737263
[149,] 0.9915515 0.9508419 1.0615158 1.246407 1.394669 1.0167025 0.9330697 1.248416 1.242122 1.778628
[150,] 1.0075983 0.9883808 1.0840992 1.251336 1.440391 1.0037624 0.9398097 1.291762 1.231707 1.750833
[151,] 1.0405636 0.9559471 1.0734996 1.298760 1.401068 1.0336438 0.9596095 1.308675 1.229520 1.740277
[152,] 1.0482036 0.9580482 1.0807209 1.267900 1.424841 0.9904464 0.8851560 1.287300 1.234407 1.719488
[153,] 1.0691968 0.9799014 1.0879776 1.242305 1.415913 1.0080175 0.9029224 1.247595 1.238184 1.751676
[154,] 1.0019860 0.9686794 1.1051222 1.275608 1.408886 1.0025672 0.9187632 1.257983 1.259647 1.738553
[155,] 1.0168106 0.9580231 1.0621899 1.267094 1.400812 1.0137696 0.9359600 1.249490 1.242461 1.668375
[156,] 1.0321118 0.9681554 1.0799046 1.242302 1.381884 1.0074275 0.9419975 1.240902 1.223431 1.731584
[157,] 0.9982674 0.9854052 1.0885953 1.249298 1.415519 1.0052785 0.9445856 1.249816 1.226848 1.745774
[158,] 1.0396325 0.9764030 1.0884498 1.245500 1.354689 1.0090051 0.9539889 1.237984 1.226461 1.731143
[159,] 0.9893781 0.9646587 1.0902406 1.258930 1.399674 1.0015502 0.9014126 1.248308 1.234795 1.739517
[160,] 0.9984908 0.9807278 1.0816128 1.263137 1.411632 0.9831824 0.9597291 1.288597 1.230621 1.704277
[161,] 0.9797360 0.9439201 1.0555436 1.265383 1.412020 0.9998200 0.9852689 1.242556 1.228802 1.740926
[162,] 1.0044814 0.9503550 1.0311695 1.282131 1.375496 0.9932029 1.0067259 1.251845 1.240065 1.752508
[163,] 1.0529456 0.9503515 1.0769993 1.245319 1.390036 1.0103312 0.9658832 1.242620 1.226474 1.735485
[164,] 1.0678807 0.9684185 1.0546189 1.239785 1.439556 1.0143810 0.9680532 1.263116 1.243264 1.755118
[165,] 1.0105614 0.9563788 1.0672837 1.265789 1.420548 1.0144865 0.9646405 1.264313 1.241538 1.741470
[166,] 1.0096758 0.9424899 1.0543140 1.287364 1.430207 1.0124858 0.9263078 1.266547 1.230846 1.729165
[167,] 0.9968768 0.9583311 1.0301831 1.251205 1.411488 1.0090188 0.9101403 1.271191 1.240035 1.710198
[168,] 1.0370191 0.9651787 1.0589711 1.278571 1.390383 1.0117052 0.9249477 1.245079 1.253768 1.721980
[169,] 1.0423950 0.9529520 1.0093025 1.260123 1.438734 1.0261642 0.9341462 1.211242 1.251772 1.770326
[170,] 1.0596390 0.9690934 1.0308034 1.247108 1.399008 1.0226481 0.9304235 1.262522 1.238461 1.723276
[171,] 1.0421326 0.9919005 1.0334859 1.270957 1.410581 1.0204703 0.9491170 1.248684 1.228941 1.713950
[172,] 1.0335373 0.9625496 1.0403187 1.286171 1.420357 1.0117320 0.9492707 1.285549 1.235972 1.720300
[173,] 0.9972155 0.9474228 1.0418698 1.256184 1.402787 1.0203307 0.9576920 1.291117 1.222385 1.724953
[174,] 1.0362369 0.9605325 1.0281452 1.255693 1.392458 1.0132093 0.9494153 1.256190 1.239424 1.767794
[175,] 1.0255529 0.9555713 1.0425441 1.268076 1.396819 1.0063679 0.9628121 1.265885 1.241080 1.708433
[176,] 1.0023699 0.9477990 1.0376243 1.257115 1.405807 1.0388334 0.9519674 1.254709 1.233749 1.728185
[177,] 1.0214631 0.9695313 1.0342685 1.243884 1.423449 1.0212371 0.9488013 1.257953 1.237643 1.754463
[178,] 1.0160798 0.9645426 1.0303557 1.258916 1.408569 1.0102896 0.9877672 1.259569 1.225570 1.746822
[179,] 1.0302218 0.9552102 1.0520908 1.241706 1.436313 0.9940693 1.0012097 1.256443 1.234890 1.704610
[180,] 1.0104394 0.9640519 1.0906935 1.259174 1.367598 0.9742209 0.9317786 1.277173 1.237614 1.740604
[181,] 1.0202046 0.9603861 1.0898606 1.253104 1.422755 1.0025018 0.9622640 1.246406 1.220401 1.703584
[182,] 1.0427669 0.9656989 1.0438641 1.264620 1.413083 1.0062148 0.9200029 1.287067 1.212177 1.693394
[183,] 1.0315134 0.9677724 1.0455582 1.261427 1.421372 1.0187109 0.9447938 1.283560 1.233276 1.675167
[184,] 1.0260670 0.9368104 1.0392036 1.275432 1.415202 1.0350695 0.9272789 1.275700 1.247117 1.736126
[185,] 1.0220282 0.9743584 1.0089925 1.248189 1.417396 1.0420719 0.8983761 1.264739 1.249958 1.730618
[186,] 1.0500067 0.9657231 1.0160676 1.257907 1.366606 1.0291063 0.9534315 1.247322 1.228319 1.714809
[187,] 1.0433862 0.9775411 1.0170087 1.269679 1.399341 0.9742690 0.9549533 1.268449 1.231510 1.730365
[188,] 1.0307353 0.9467374 1.0514823 1.259651 1.407358 1.0339273 0.9583512 1.261923 1.241309 1.725457
[189,] 1.0281810 0.9738627 1.0548454 1.255340 1.373228 1.0206319 0.9107096 1.266135 1.245902 1.753470
[190,] 0.9850422 0.9595540 1.0507559 1.272316 1.426459 1.0055483 0.9491665 1.267919 1.232912 1.727615
[191,] 1.0057561 0.9604511 1.0084044 1.274828 1.424477 1.0112929 0.9708095 1.242095 1.228294 1.696990
[192,] 1.0104445 0.9440413 1.0701200 1.271223 1.440754 1.0213456 0.9429002 1.250833 1.228841 1.729112
[193,] 1.0168817 0.9522633 1.0619542 1.270167 1.395275 0.9937553 0.9567060 1.244286 1.226570 1.696893
[194,] 1.0068223 0.9505880 1.0649667 1.257375 1.397232 0.9699715 0.9291634 1.251110 1.215624 1.744457
[195,] 1.0160944 0.9628520 1.0428215 1.281969 1.440546 1.0053825 0.9567367 1.263869 1.224968 1.742699
[196,] 0.9970430 0.9691827 1.0693528 1.278249 1.400273 1.0200128 0.9136890 1.272764 1.210136 1.706730
[197,] 1.0460840 0.9553178 1.0306229 1.256142 1.442065 1.0313145 0.9211356 1.260307 1.220179 1.748689
[198,] 1.0315117 0.9699258 0.9989654 1.256124 1.397042 1.0358221 0.9543677 1.263547 1.224037 1.733328
[199,] 1.0546358 0.9644078 0.9806090 1.230919 1.426034 1.0320373 0.9217599 1.271880 1.217036 1.708062
[200,] 1.0376814 0.9645795 0.9977263 1.234551 1.379260 1.0144082 0.9313458 1.274687 1.210000 1.761825
[201,] 1.0227332 0.9797940 1.0487741 1.249962 1.394573 1.0212553 0.9301694 1.248878 1.239039 1.758281
[202,] 1.0037751 0.9673033 1.0253337 1.297486 1.456285 1.0262145 0.9523739 1.251800 1.255773 1.753319
[203,] 1.0117900 0.9394768 1.0150146 1.270553 1.402062 1.0090288 0.9610803 1.231921 1.229696 1.732582
[204,] 1.0404138 0.9595630 1.0598873 1.272521 1.408307 1.0211249 0.9671785 1.272658 1.204236 1.746245
[205,] 1.0510828 0.9579317 1.0215881 1.254055 1.408413 1.0088764 0.9705943 1.261036 1.221520 1.726927
[206,] 1.0323403 0.9577948 1.0104427 1.262553 1.417952 1.0295444 0.9776657 1.283312 1.228792 1.726905
[207,] 1.0439716 0.9705901 0.9674850 1.261281 1.400088 1.0155818 0.9573834 1.286291 1.222653 1.766430
[208,] 0.9961842 0.9504411 1.0129434 1.231336 1.433234 1.0042199 0.9696676 1.275722 1.208202 1.718840
[209,] 1.0486766 0.9567022 1.0410872 1.263155 1.436892 1.0039371 0.9558986 1.269105 1.228611 1.728874
[210,] 1.0051211 0.9545659 1.0466263 1.254451 1.412616 1.0276349 0.9609714 1.281158 1.231998 1.704293
[211,] 1.0452304 0.9449199 1.0258231 1.219747 1.420662 1.0247012 0.9473789 1.277594 1.206164 1.736158
[212,] 1.0501180 0.9415100 1.0156784 1.275592 1.413536 1.0206773 0.9262967 1.273017 1.242889 1.731537
[213,] 1.0438000 0.9495485 1.0502416 1.294012 1.396818 1.0030237 0.9406515 1.253372 1.230313 1.790657
[214,] 0.9993538 0.9657664 1.0433633 1.214429 1.387050 1.0023416 0.9949699 1.261070 1.252209 1.740616
[215,] 1.0179735 0.9724240 1.0413082 1.228879 1.422517 1.0261421 0.9913253 1.262616 1.230284 1.707209
[216,] 1.0024177 0.9432912 0.9990659 1.267184 1.379872 1.0181074 0.9755917 1.260240 1.216055 1.718621
[217,] 1.0137667 0.9475975 1.0707061 1.258523 1.410208 1.0031002 0.9093288 1.287653 1.216762 1.725846
[218,] 1.0064058 0.9480058 1.0371916 1.245413 1.401142 1.0060211 0.9420619 1.283700 1.221015 1.755096
[219,] 1.0455728 0.9558692 1.0556902 1.251816 1.420879 1.0213652 0.9805485 1.258854 1.249153 1.722994
[220,] 1.0298005 0.9788558 1.0329296 1.266285 1.431655 1.0085621 0.9279924 1.261839 1.238373 1.730386
[221,] 1.0095822 0.9800976 1.0497654 1.252938 1.438356 1.0228758 0.9567812 1.285098 1.222843 1.705212
[222,] 1.0250981 0.9648866 1.0476373 1.269412 1.406094 1.0321545 0.9675971 1.274281 1.228841 1.738791
[223,] 1.0472295 0.9405930 0.9970503 1.292228 1.405899 1.0238272 0.9679020 1.271747 1.241023 1.722267
[224,] 1.0332946 0.9549281 1.0395282 1.252032 1.392586 1.0063326 0.9689208 1.258349 1.253554 1.735866
[225,] 1.0454054 0.9600095 1.0286229 1.286619 1.421687 1.0313451 0.9483283 1.261983 1.251809 1.721787
[226,] 1.0452005 0.9526052 1.0413880 1.276849 1.402497 1.0146590 0.9680551 1.279991 1.217357 1.732754
[227,] 1.0247268 0.9389885 1.0294298 1.257528 1.399903 1.0150730 0.9792666 1.272343 1.243904 1.718401
[228,] 1.0228579 0.9528322 0.9830784 1.273024 1.436509 1.0416076 0.9719750 1.255250 1.239257 1.702713
[229,] 1.0465716 0.9651920 1.0026025 1.288371 1.422756 1.0444461 0.9927679 1.232269 1.246944 1.732446
[230,] 0.9982268 0.9623565 0.9647126 1.276506 1.423906 1.0102185 0.9751759 1.233665 1.243198 1.679224
[231,] 1.0133184 0.9684830 0.9989969 1.267796 1.401565 1.0125371 0.9585511 1.242342 1.222488 1.694700
[232,] 1.0356057 0.9581887 0.9830049 1.250178 1.397851 1.0341830 0.9458442 1.257570 1.239206 1.687139
[233,] 1.0015868 0.9571803 0.9657314 1.274274 1.414129 0.9972677 0.9467892 1.272450 1.248508 1.711270
[234,] 1.0130710 0.9683319 1.0009990 1.237736 1.401074 1.0052556 0.9238380 1.265854 1.231011 1.746367
[235,] 1.0089527 0.9760979 1.0484450 1.265937 1.438129 1.0196828 0.9329655 1.275868 1.225539 1.725668
[236,] 0.9977502 0.9913202 1.0442244 1.270792 1.433589 1.0129355 0.9411001 1.279891 1.237504 1.747787
[237,] 0.9735204 0.9843354 1.0362763 1.249959 1.411141 1.0447988 0.9112319 1.256375 1.228774 1.723661
[238,] 1.0221350 0.9877287 1.0416176 1.260286 1.395511 1.0345867 0.9287077 1.280045 1.232436 1.684730
[239,] 1.0267382 0.9847429 1.0478031 1.255404 1.399321 1.0415495 0.9386604 1.259588 1.213372 1.738802
[240,] 1.0174096 0.9564246 1.0623248 1.257941 1.389858 1.0186553 0.9447194 1.278952 1.219719 1.743219
[241,] 0.9860636 0.9707982 1.0470653 1.295998 1.415252 0.9947811 0.8753849 1.264024 1.231900 1.743286
[242,] 0.9930020 0.9637437 1.0499519 1.236432 1.399214 0.9753407 0.9355498 1.256358 1.257784 1.746538
[243,] 1.0046361 0.9652557 1.0245370 1.243763 1.401515 0.9902486 0.8997966 1.238665 1.261267 1.682060
[244,] 0.9941687 0.9601630 1.0163013 1.242441 1.398803 1.0061988 0.8873591 1.232535 1.289795 1.723746
[245,] 1.0318108 0.9533960 1.0622363 1.261042 1.396728 1.0156224 0.9424092 1.226588 1.266978 1.724267
[246,] 1.0161054 0.9586878 1.0739163 1.243727 1.450860 0.9885942 0.9059406 1.215378 1.262043 1.784078
[247,] 0.9795120 0.9591000 1.0686088 1.248839 1.437249 0.9850858 0.9496614 1.233428 1.247001 1.728970
[248,] 1.0376681 0.9496686 1.0780839 1.255055 1.408514 0.9905583 0.9390522 1.245970 1.239253 1.748038
[249,] 1.0273674 0.9717977 1.0864593 1.288875 1.405259 0.9893577 0.9157265 1.240862 1.250021 1.719945
[250,] 1.0131763 0.9517262 1.0868255 1.239890 1.420091 1.0070629 0.9067267 1.218837 1.243958 1.709071
[251,] 1.0373020 0.9829222 1.1128164 1.267640 1.401749 0.9994091 0.9568449 1.237802 1.251040 1.738515
[252,] 1.0010958 0.9514861 1.0480405 1.282415 1.405046 1.0140794 0.9472857 1.243671 1.225103 1.688603
[253,] 0.9836010 0.9741532 1.0317790 1.237476 1.403326 1.0329044 0.9258231 1.232610 1.224660 1.708644
[254,] 1.0415841 0.9816250 1.0427141 1.266255 1.424912 1.0336170 0.9510094 1.253067 1.225946 1.724053
[255,] 1.0332229 0.9740332 1.0268282 1.275296 1.419617 0.9967120 0.8621827 1.249037 1.231793 1.712336
[256,] 1.0345224 0.9651915 1.0799341 1.253578 1.431313 1.0030839 0.9374449 1.268659 1.229045 1.712562
[257,] 1.0330561 0.9432014 1.0419705 1.272558 1.403844 0.9981369 0.9451076 1.247807 1.239152 1.667288
[258,] 1.0153492 0.9797104 1.0360935 1.266290 1.408897 1.0218650 0.9638011 1.250911 1.244779 1.705565
[259,] 1.0063857 0.9655105 1.0260888 1.258251 1.406607 1.0086768 0.9282412 1.253256 1.244523 1.761994
[260,] 1.0100977 0.9685389 1.0066840 1.273312 1.442864 1.0326313 0.9720356 1.264989 1.252777 1.730928
[261,] 1.0439368 0.9667704 1.0220624 1.299068 1.432477 0.9970921 0.9605992 1.241921 1.263543 1.775827
[262,] 1.0466658 0.9583327 1.0628881 1.261089 1.404641 0.9924598 0.9446767 1.226460 1.255388 1.711107
[263,] 1.0554658 0.9596865 1.0405302 1.287612 1.416135 1.0180841 0.9394232 1.225407 1.255536 1.754468
[264,] 1.0564576 0.9713804 1.0802737 1.281179 1.409554 1.0091748 0.9923114 1.224158 1.248316 1.712932
[265,] 1.0466534 0.9656107 1.0914861 1.288210 1.404428 1.0043708 0.9640517 1.272693 1.233838 1.741221
[266,] 1.0255521 0.9626021 1.0641639 1.238380 1.397423 0.9976368 1.0100576 1.271181 1.237996 1.741319
[267,] 1.0135549 0.9477834 1.0413328 1.237634 1.445455 1.0109566 0.9610524 1.247800 1.222169 1.730491
[268,] 1.0351816 0.9540517 1.0516089 1.265172 1.436243 1.0053929 0.9149075 1.276841 1.215402 1.736002
[269,] 1.0072582 0.9589322 1.0113413 1.283074 1.427652 1.0300291 0.9017679 1.255014 1.238197 1.699003
[270,] 1.0209157 0.9717700 1.0450221 1.249093 1.455128 1.0122710 0.9914446 1.241357 1.227118 1.714921
[271,] 0.9976890 0.9572959 1.0563691 1.254230 1.432951 1.0378337 0.9823578 1.259601 1.223666 1.703524
[272,] 0.9907324 0.9682036 1.0431317 1.255820 1.436969 1.0301363 0.9511567 1.279480 1.235016 1.772086
[273,] 1.0231648 0.9545818 1.0776037 1.221611 1.395972 1.0151398 0.9283023 1.234353 1.257284 1.721377
[274,] 0.9907129 0.9642733 1.0689263 1.253128 1.387933 1.0094131 0.9190894 1.236900 1.270231 1.731018
[275,] 1.0150151 0.9484063 1.0995234 1.254306 1.367969 0.9775781 0.9257980 1.217063 1.238258 1.682167
[276,] 1.0807861 0.9562493 1.0897333 1.253648 1.421163 0.9993952 0.9542742 1.252543 1.238321 1.720341
[277,] 1.0579352 0.9530965 1.0730421 1.251307 1.393412 1.0096776 0.9637990 1.243726 1.248650 1.720346
[278,] 1.0559298 0.9688206 1.0777594 1.253176 1.397656 1.0008932 1.0212980 1.244722 1.252219 1.707263
[279,] 1.0420453 0.9444150 1.0902576 1.238191 1.417264 1.0182029 1.0035568 1.248271 1.252401 1.689013
[280,] 1.0528981 0.9623737 1.0579123 1.292218 1.401534 1.0128734 0.9489808 1.247415 1.255332 1.710614
[281,] 1.0286988 0.9464810 1.0601686 1.249549 1.395580 1.0309630 0.9266344 1.249697 1.241645 1.781413
[282,] 1.0001571 0.9530167 1.0629916 1.253162 1.389323 1.0097642 0.9389653 1.247275 1.237101 1.728378
[283,] 1.0432557 0.9602193 1.0564803 1.264538 1.410765 1.0164987 0.9199261 1.249139 1.235181 1.754368
[284,] 1.0844593 0.9598694 1.0867082 1.272477 1.451755 1.0075838 0.9460349 1.263062 1.239275 1.714505
[285,] 1.0395732 0.9689563 1.0460215 1.264884 1.406400 0.9944336 0.9265619 1.253411 1.235777 1.727437
[286,] 1.0317674 0.9588888 1.0541086 1.268578 1.401857 0.9978396 0.9734482 1.236954 1.270015 1.681225
[287,] 1.0013811 0.9441663 1.0569566 1.274284 1.428063 0.9919651 0.9775674 1.238082 1.238685 1.762525
[288,] 1.0326137 0.9598216 1.0629894 1.266335 1.427687 0.9960941 0.9350233 1.258029 1.222783 1.752031
[289,] 1.0443811 0.9775898 1.0474555 1.247781 1.428283 0.9920871 0.9250200 1.279843 1.212471 1.769948
[290,] 1.0467412 0.9458651 1.0452552 1.287866 1.413530 0.9992505 0.9260019 1.282835 1.233475 1.712789
[291,] 0.9962174 0.9455803 1.0194164 1.279759 1.393320 0.9885118 0.9315659 1.276163 1.239149 1.715795
[292,] 1.0133859 0.9739690 1.0481251 1.272960 1.435151 1.0106705 0.9268837 1.251421 1.232129 1.712847
[293,] 1.0212791 0.9704244 1.0544526 1.283749 1.415767 1.0022596 0.9494907 1.252156 1.225595 1.759536
[294,] 1.0284113 0.9645053 1.0403832 1.262774 1.412751 1.0110649 0.9213563 1.236478 1.239147 1.729890
[295,] 1.0118843 0.9691147 1.0310590 1.262849 1.387606 0.9938262 0.9127981 1.232508 1.235734 1.705675
[296,] 1.0462095 0.9681156 1.0368571 1.245434 1.402701 0.9953732 0.9584524 1.233649 1.260837 1.692669
[297,] 1.0209253 0.9563733 1.0460323 1.279394 1.378328 1.0066140 0.9054103 1.219604 1.259762 1.727535
[298,] 1.0174341 0.9413809 1.0131563 1.262157 1.446769 1.0069941 0.9664979 1.223505 1.255450 1.724299
[299,] 1.0196472 0.9613416 1.0584087 1.237073 1.433340 0.9903004 0.9890613 1.221884 1.250084 1.735133
[300,] 1.0383503 0.9804902 1.0542957 1.281247 1.432984 1.0106954 0.9705353 1.239599 1.240836 1.713294

$rho
             [,1]       [,2]       [,3]      [,4]      [,5]       [,6]       [,7]      [,8]      [,9]     [,10]
  [1,] 0.31723997 0.32317318 0.79772003 0.8517039 0.5212925 0.26139986 0.04030684 0.6668431 0.4216985 0.3703174
  [2,] 0.15541338 0.25586007 0.31384559 0.8605038 0.8673090 0.09472272 0.09454435 0.4448182 0.5116465 0.4817414
  [3,] 0.05536927 0.18354041 0.21248475 0.7612376 0.8426597 0.18081636 0.34584286 0.3335759 0.5048601 0.3449988
  [4,] 0.27652769 0.19823347 0.14287648 0.7832387 0.8635142 0.10941480 0.28124549 0.2961508 0.5018817 0.7151431
  [5,] 0.12785774 0.16437586 0.09256460 0.7372999 0.7812333 0.16202906 0.29154562 0.3286889 0.5641418 0.6823814
  [6,] 0.14629551 0.21521438 0.03062437 0.8424169 0.9640100 0.20488831 0.16367197 0.3701557 0.4358377 0.6180169
  [7,] 0.23801786 0.07572916 0.17459143 0.7598973 0.8856310 0.24031830 0.33700715 0.4084289 0.4689905 0.5679369
  [8,] 0.42412401 0.13056965 0.12229706 0.7930730 0.6100302 0.10812008 0.35348228 0.4443594 0.4304985 0.2746582
  [9,] 0.26621833 0.14745386 0.16143984 0.8088632 0.8296825 0.23516026 0.44523520 0.5286693 0.4102380 0.7763086
 [10,] 0.33539090 0.10472825 0.05264702 0.9006054 0.8319877 0.19799049 0.26457317 0.4844855 0.4748496 0.3258585
 [11,] 0.42546150 0.16763390 0.03260406 0.8259601 0.8848473 0.29810605 0.45686361 0.3123309 0.5263012 0.5154983
 [12,] 0.48688890 0.12027509 0.10378102 0.7152422 0.9077040 0.13798134 0.35611603 0.3424621 0.5978105 0.4632410
 [13,] 0.25981098 0.06972240 0.11583480 0.7530676 0.9632184 0.15151073 0.60304134 0.3791859 0.6060172 0.2698765
 [14,] 0.18610194 0.08187051 0.15967554 0.7476837 0.9222779 0.20038750 0.43268693 0.4944005 0.3775708 0.6009627
 [15,] 0.31272308 0.09228459 0.10534214 0.8676973 0.8366947 0.14147476 0.53437177 0.4932100 0.3936091 0.4869420
 [16,] 0.20518561 0.11521078 0.04480770 0.7063166 0.8136848 0.11686924 0.54326346 0.4427578 0.4316694 0.5765322
 [17,] 0.24560800 0.07793124 0.08166107 0.7667172 0.9157717 0.11713328 0.56255721 0.5247503 0.4453774 0.4831013
 [18,] 0.20911256 0.11967060 0.21680141 0.8283785 0.7857219 0.13284984 0.57084481 0.5746329 0.4208942 0.5574505
 [19,] 0.38296442 0.21851754 0.17923002 0.7664740 0.9208241 0.22890802 0.31545992 0.5513728 0.3963151 0.5996891
 [20,] 0.27986453 0.17377825 0.12099729 0.7140390 0.8500219 0.13711361 0.34571408 0.5057543 0.3809526 0.3303877
 [21,] 0.29793256 0.16859940 0.22674221 0.8322190 0.8979417 0.07780370 0.36538510 0.4585006 0.3774407 0.8016240
 [22,] 0.12642959 0.13920459 0.37346316 0.7526961 0.9309296 0.05940756 0.33051530 0.4635334 0.4228158 0.5468242
 [23,] 0.07226593 0.14631858 0.33890010 0.8356229 0.9313990 0.11860468 0.16140493 0.5837070 0.4284716 0.3839333
 [24,] 0.21666440 0.10446639 0.29117724 0.8375517 0.8834524 0.07445924 0.19809159 0.5687886 0.4052528 0.5270253
 [25,] 0.12883150 0.07756752 0.26352575 0.8834542 0.8751183 0.15320870 0.33421585 0.5531328 0.4102697 0.4164376
 [26,] 0.17787951 0.11079387 0.13052137 0.7829922 0.8504306 0.20465658 0.45515892 0.5649225 0.3312720 0.6060668
 [27,] 0.21609941 0.05805331 0.06753046 0.8207770 0.8551046 0.07679449 0.40175112 0.4137477 0.3551322 0.5278549
 [28,] 0.29305135 0.05578476 0.03725958 0.8413257 0.7759711 0.25750298 0.42118156 0.4389614 0.4065054 0.4603097
 [29,] 0.28938649 0.09162553 0.07228393 0.8449489 0.8994630 0.12893628 0.36802641 0.5110685 0.3240008 0.5979810
 [30,] 0.18235902 0.09332356 0.16312189 0.6894721 0.8220013 0.18532249 0.44883266 0.5693909 0.4092405 0.4915323
 [31,] 0.25500658 0.05849765 0.10906327 0.7669950 0.9116772 0.14635136 0.59192446 0.4834951 0.4164576 0.6442983
 [32,] 0.17292989 0.07651009 0.14139134 0.7642364 0.8712164 0.13484236 0.49400027 0.5067937 0.5058218 0.5832432
 [33,] 0.20702734 0.04799830 0.11093018 0.8713689 0.9199054 0.15866703 0.39371074 0.4176489 0.4703083 0.3416304
 [34,] 0.32724777 0.07280310 0.23411691 0.8637444 0.9059821 0.10425785 0.46256930 0.3880073 0.4621363 0.5304302
 [35,] 0.43868764 0.12848846 0.21692414 0.7156078 0.8844023 0.07831888 0.51801316 0.4875419 0.3760435 0.4904710
 [36,] 0.38965541 0.10040510 0.12932733 0.7936544 0.9372352 0.12234172 0.36353510 0.5821433 0.4082289 0.4886895
 [37,] 0.20456944 0.12853929 0.23200696 0.7160971 0.9359926 0.08473153 0.45490263 0.5903819 0.4311651 0.5103294
 [38,] 0.29605474 0.14439103 0.38012200 0.8773209 0.8847936 0.09257403 0.49448073 0.5177099 0.3389309 0.5709922
 [39,] 0.31694245 0.10650734 0.40159358 0.8762655 0.8700852 0.18971836 0.39778547 0.4886142 0.3900566 0.4212133
 [40,] 0.27829266 0.13209363 0.22372812 0.6672442 0.8792446 0.14122281 0.34743510 0.4951951 0.4005488 0.4472774
 [41,] 0.43057204 0.09045176 0.13827015 0.8508493 0.9369305 0.09264308 0.48136760 0.4258148 0.4300235 0.3941381
 [42,] 0.29373675 0.12354993 0.09454353 0.8735336 0.8700520 0.22192440 0.36689632 0.4799433 0.4148279 0.5302219
 [43,] 0.16951397 0.12637310 0.05519689 0.7920587 0.9142984 0.18516219 0.44627849 0.4968763 0.4572745 0.5822242
 [44,] 0.35096254 0.15183449 0.12322971 0.7372928 0.9083622 0.18899632 0.19158290 0.5466179 0.4097915 0.6458917
 [45,] 0.25414769 0.09581425 0.21850801 0.7794544 0.8624732 0.15370698 0.28550260 0.5908007 0.3839630 0.6544050
 [46,] 0.26365589 0.11891889 0.08734739 0.8765597 0.8650114 0.17700554 0.34735288 0.4930396 0.4048673 0.3247727
 [47,] 0.32981416 0.08083942 0.05223732 0.7515329 0.9509404 0.16857529 0.56345148 0.5136753 0.4396397 0.6266701
 [48,] 0.24343324 0.09054185 0.15392740 0.7379795 0.8531170 0.15907004 0.45540269 0.4217984 0.4046689 0.6223864
 [49,] 0.21284333 0.09472692 0.14459187 0.9189937 0.8823133 0.14958449 0.50627587 0.4413845 0.4493128 0.4462895
 [50,] 0.25394532 0.16627812 0.21227275 0.8326870 0.8945518 0.08892387 0.53069791 0.5151378 0.3373391 0.3850796
 [51,] 0.36383718 0.06542838 0.20907233 0.8207422 0.7930625 0.09781266 0.55714964 0.6001464 0.4546464 0.5019155
 [52,] 0.28529362 0.13362602 0.23898738 0.8533907 0.9372094 0.08454228 0.60672234 0.5399210 0.4471842 0.5550266
 [53,] 0.25082057 0.06904054 0.12809754 0.8093789 0.9310237 0.13847428 0.48097659 0.5458511 0.4323416 0.5224758
 [54,] 0.23301233 0.14531033 0.16767737 0.7931918 0.8874347 0.18652562 0.37623242 0.4281136 0.5006080 0.5612149
 [55,] 0.29654607 0.09956722 0.27599768 0.7276758 0.9855983 0.24504858 0.43902556 0.4165005 0.4325047 0.4805160
 [56,] 0.30264360 0.10304722 0.12817326 0.7788565 0.9344689 0.07517503 0.49901730 0.3431517 0.5307117 0.4144416
 [57,] 0.37750800 0.07132780 0.07153589 0.7582832 0.8708322 0.17647368 0.49579212 0.3537467 0.4211412 0.5690272
 [58,] 0.16532565 0.06115384 0.07745768 0.7247341 0.9220200 0.19262150 0.50529193 0.4164951 0.4380689 0.6338608
 [59,] 0.20832517 0.12308374 0.17552924 0.8141311 0.7941905 0.25847814 0.28411197 0.4914104 0.4982405 0.4565049
 [60,] 0.29743872 0.12418602 0.32197480 0.8422598 0.8641219 0.15509986 0.28164421 0.3086128 0.6516321 0.7595843
 [61,] 0.36564942 0.14562878 0.22612607 0.7481392 0.9300394 0.27399026 0.23509583 0.3060744 0.6359655 0.4755759
 [62,] 0.25463623 0.11362393 0.16476547 0.8287894 0.9279468 0.09854581 0.34000122 0.3557478 0.5393459 0.5501265
 [63,] 0.21710074 0.15464932 0.26843407 0.6242102 0.8585064 0.15747789 0.21900212 0.4214245 0.4978509 0.5415697
 [64,] 0.20318289 0.10741646 0.33638637 0.8072847 0.9115648 0.08920337 0.15202608 0.5886404 0.4136851 0.5282978
 [65,] 0.37131965 0.10188888 0.21019199 0.8168386 0.9166605 0.08086225 0.15787966 0.4813474 0.4375473 0.5840196
 [66,] 0.29317263 0.09384925 0.06055735 0.8612164 0.9138560 0.18078964 0.20460487 0.4414142 0.4952279 0.7255265
 [67,] 0.35374655 0.10123217 0.12903640 0.7734829 0.7459968 0.17510119 0.22703661 0.4188417 0.5353650 0.7774102
 [68,] 0.26865754 0.04741626 0.27995658 0.8950632 0.8398503 0.29638237 0.39787007 0.3517049 0.4831460 0.7044369
 [69,] 0.15610382 0.02914787 0.10760804 0.7264938 0.8487693 0.24425301 0.40596268 0.3595492 0.4251377 0.5657954
 [70,] 0.33142024 0.02577258 0.09998691 0.8442478 0.9006519 0.19707110 0.42964450 0.3495521 0.4242979 0.5984360
 [71,] 0.27391383 0.04214974 0.16634835 0.7883582 0.8702923 0.19207377 0.38557104 0.4081816 0.3510068 0.3532545
 [72,] 0.34747196 0.10609695 0.20327800 0.7841283 0.8980258 0.15244076 0.46973551 0.4710686 0.3822319 0.3397803
 [73,] 0.50735037 0.06668827 0.20430488 0.8266999 0.8772656 0.24295776 0.62005580 0.3967687 0.4554002 0.3391451
 [74,] 0.19798017 0.06881273 0.15407768 0.9062153 0.8247861 0.20043159 0.51685503 0.3708526 0.4818001 0.2838556
 [75,] 0.38070331 0.05215118 0.19800784 0.6614619 0.9118851 0.16710628 0.42336797 0.3965814 0.5063258 0.4798609
 [76,] 0.30903770 0.12295391 0.25273255 0.8408033 0.9320636 0.17034659 0.39458752 0.4253819 0.5588757 0.5592413
 [77,] 0.14611542 0.15809993 0.26191868 0.9072537 0.8430931 0.18000224 0.21191783 0.3723676 0.4983371 0.5187748
 [78,] 0.33591174 0.20753692 0.20502155 0.9289667 0.9255856 0.32668418 0.21788054 0.4762093 0.4438205 0.4874040
 [79,] 0.24113370 0.20700027 0.17272747 0.8125747 0.8346681 0.13116420 0.13354310 0.4521550 0.4159671 0.4972336
 [80,] 0.25518735 0.11057790 0.37745883 0.8044539 0.9074192 0.10273168 0.09037970 0.3657109 0.4544946 0.6232502
 [81,] 0.26347555 0.13893744 0.19270722 0.9447700 0.8691294 0.19524211 0.26515858 0.3393285 0.5284001 0.5130337
 [82,] 0.24078029 0.17245608 0.19397187 0.8555215 0.8667483 0.11170996 0.32726495 0.5542299 0.4012459 0.3840146
 [83,] 0.19355691 0.14802756 0.13989918 0.8206763 0.9592228 0.19354484 0.32771355 0.4495808 0.4073882 0.5674452
 [84,] 0.13214194 0.13566295 0.20125583 0.7226185 0.7875268 0.22888284 0.39361556 0.5299434 0.4894733 0.6572850
 [85,] 0.22130977 0.17112913 0.17063321 0.8363731 0.8340979 0.17610919 0.40994650 0.6012197 0.3543593 0.6018767
 [86,] 0.40661503 0.08820238 0.17701267 0.7855209 0.9021850 0.17744344 0.48297648 0.5982785 0.3180220 0.4969021
 [87,] 0.24275461 0.07579523 0.13847834 0.7910978 0.9004669 0.15530511 0.32683996 0.5491436 0.4060207 0.5590152
 [88,] 0.22583545 0.08386108 0.25868873 0.8372338 0.9513086 0.17459058 0.46436255 0.4838452 0.4300892 0.3985919
 [89,] 0.19853630 0.08676629 0.07759751 0.7027707 0.8989525 0.22750226 0.37827645 0.5536815 0.4200325 0.4550189
 [90,] 0.29413903 0.08170179 0.09746661 0.9030499 0.8465304 0.13986252 0.49825382 0.5299270 0.3195013 0.5401972
 [91,] 0.25531870 0.10970831 0.11801234 0.6749881 0.8874288 0.15643449 0.58652013 0.4577248 0.4101611 0.5728594
 [92,] 0.36638292 0.07835297 0.17388698 0.8272405 0.9131004 0.17271756 0.48625161 0.4939598 0.3864275 0.6051963
 [93,] 0.26531447 0.07408898 0.21764254 0.8073018 0.9470155 0.16803465 0.41306866 0.4187250 0.4493991 0.6742035
 [94,] 0.26627205 0.10121631 0.18717849 0.8204894 0.9177986 0.09668092 0.48866036 0.3646529 0.4506285 0.3180408
 [95,] 0.31501517 0.12087306 0.18316941 0.8927612 0.9275387 0.21120561 0.58466978 0.4203389 0.5083588 0.3976633
 [96,] 0.12741822 0.10631209 0.16754319 0.7952301 0.8953708 0.16711681 0.34373031 0.4349338 0.5588197 0.4321984
 [97,] 0.42877216 0.11468687 0.13526919 0.8053608 0.8454646 0.14906789 0.30353129 0.4220125 0.5757858 0.6674610
 [98,] 0.24292436 0.08342381 0.10228901 0.7841571 0.9234961 0.23088324 0.37887707 0.3330544 0.4286907 0.6119876
 [99,] 0.19650667 0.05875793 0.21276569 0.8674733 0.7822325 0.09940585 0.51027975 0.4624713 0.3743415 0.5302734
[100,] 0.22596837 0.05773070 0.20733338 0.7817451 0.8057168 0.07656512 0.49682199 0.4181063 0.4784134 0.5061689
[101,] 0.11451509 0.13014185 0.21121563 0.7795285 0.9533931 0.15223429 0.39103527 0.5003199 0.4732173 0.6128581
[102,] 0.27979944 0.05252166 0.14036780 0.8019881 0.9194183 0.16246434 0.40603224 0.5088595 0.5057428 0.4682652
[103,] 0.20162009 0.04871044 0.30175931 0.7913529 0.9737655 0.17816954 0.39251556 0.4855227 0.5362522 0.6826644
[104,] 0.31391937 0.08471443 0.28424783 0.9206305 0.9407762 0.11163111 0.33600674 0.4151897 0.5638961 0.5968985
[105,] 0.26958066 0.09838561 0.15236866 0.6588884 0.9056474 0.17124900 0.33307998 0.4930924 0.4524660 0.6565872
[106,] 0.25369503 0.15952451 0.16337812 0.8130006 0.9147448 0.20185115 0.41531428 0.4901183 0.4671772 0.4149710
[107,] 0.24935935 0.10177142 0.12714176 0.8457116 0.9556584 0.18134456 0.37158950 0.4475203 0.4426130 0.6576328
[108,] 0.24978716 0.10128109 0.28466113 0.7084066 0.9081066 0.13821972 0.45785540 0.3979246 0.4118072 0.7097293
[109,] 0.21265494 0.05239689 0.34205771 0.7345656 0.8844817 0.10996088 0.41725602 0.4552113 0.4602339 0.6916424
[110,] 0.21078433 0.05556857 0.18284853 0.7697357 0.8633401 0.19783942 0.44477633 0.4912484 0.4127557 0.5736328
[111,] 0.07763336 0.13909048 0.07293943 0.7636423 0.9435829 0.14480101 0.40901116 0.4164578 0.3735018 0.7116854
[112,] 0.17470487 0.15675716 0.11783198 0.7633576 0.8718500 0.24772636 0.27061381 0.3378179 0.4941316 0.4835055
[113,] 0.38758209 0.11181525 0.24072336 0.8660365 0.9315132 0.19896464 0.44942319 0.3246765 0.5562508 0.4692284
[114,] 0.15709401 0.10128348 0.09493511 0.7454442 0.8217752 0.20784004 0.44075966 0.3178641 0.4866085 0.6120082
[115,] 0.31258760 0.12299919 0.15203952 0.7837372 0.8659669 0.22328571 0.45552755 0.3987326 0.4173140 0.4517696
[116,] 0.24893921 0.18993182 0.16842741 0.7284826 0.8642367 0.13273403 0.39222562 0.3774518 0.4173306 0.4032864
[117,] 0.25366185 0.18220842 0.06544762 0.7925923 0.8945008 0.19942175 0.08654992 0.4285389 0.4555067 0.5800363
[118,] 0.23193786 0.12150670 0.03534646 0.8957459 0.9263633 0.25093359 0.23832568 0.3504113 0.4901008 0.4454014
[119,] 0.17512206 0.18089685 0.32878366 0.8360350 0.9512873 0.15166966 0.15909477 0.3427142 0.3696406 0.5864982
[120,] 0.32372135 0.12842991 0.29202771 0.8407449 0.8915480 0.09816507 0.18867912 0.3902911 0.4067258 0.4593070
[121,] 0.38833590 0.13670113 0.17275267 0.8290198 0.8214406 0.09307005 0.25671774 0.4475702 0.3817664 0.4989358
[122,] 0.38341705 0.10540747 0.20174922 0.7025376 0.9016046 0.13377437 0.48236753 0.4096261 0.4649023 0.2757537
[123,] 0.29271851 0.12075042 0.22375408 0.7466002 0.8794813 0.15772438 0.52218168 0.3962876 0.4943387 0.5111810
[124,] 0.32279063 0.23405738 0.32415217 0.7275619 0.8392912 0.20742988 0.32523091 0.4126763 0.4940346 0.3728736
[125,] 0.23582686 0.17267637 0.41498306 0.6502169 0.9699570 0.05515862 0.33878528 0.4142927 0.3530898 0.4908432
[126,] 0.35048920 0.06902936 0.27217609 0.6526990 0.8775263 0.11324958 0.35960826 0.3554341 0.4837494 0.3928906
[127,] 0.21708251 0.08193202 0.10531522 0.7800843 0.9593206 0.19183129 0.56239391 0.3575413 0.5242732 0.6402462
[128,] 0.18648476 0.10965710 0.19188461 0.8659746 0.9335286 0.12954074 0.54689972 0.2143494 0.6543331 0.4315335
[129,] 0.27984712 0.17411953 0.21098978 0.7520878 0.8792314 0.10457251 0.17312177 0.2722226 0.5970265 0.5434796
[130,] 0.24650689 0.13864917 0.36073060 0.9057124 0.9168159 0.05283960 0.11084454 0.2721971 0.5786910 0.4175306
[131,] 0.23755754 0.16796566 0.27199214 0.6626935 0.9043082 0.07782543 0.26957443 0.3337743 0.4725683 0.6420270
[132,] 0.18696003 0.09736619 0.28062720 0.8949778 0.7930458 0.13799018 0.32366132 0.4240474 0.4116830 0.5611063
[133,] 0.42638043 0.12864918 0.19372016 0.8023085 0.9141369 0.15555604 0.31130469 0.3888807 0.3947815 0.5587202
[134,] 0.17108409 0.14877029 0.07741135 0.9425533 0.8574915 0.15459913 0.22544285 0.3488025 0.4731353 0.4925605
[135,] 0.27504118 0.11706813 0.22661707 0.7762415 0.8338893 0.23044718 0.44797522 0.2876963 0.4906776 0.5272254
[136,] 0.23057527 0.13680954 0.06750595 0.7930817 0.9235968 0.14347909 0.36976051 0.3536582 0.4901829 0.6739957
[137,] 0.09911664 0.11511265 0.15041403 0.8303894 0.8322905 0.12640074 0.39755413 0.4333152 0.5989458 0.6822176
[138,] 0.30704487 0.12174505 0.21815207 0.7425080 0.7781975 0.19875975 0.33735910 0.3318863 0.5550880 0.5766143
[139,] 0.23252171 0.09092186 0.16722017 0.8252036 0.8577458 0.12194346 0.48328768 0.2236352 0.6005145 0.5099284
[140,] 0.27691374 0.09664299 0.14862658 0.7013344 0.9736293 0.20349150 0.49157241 0.2722670 0.6073820 0.4990111
[141,] 0.23247757 0.13459234 0.28429282 0.6726442 0.8889870 0.22621207 0.53793556 0.3195366 0.4720441 0.5024024
[142,] 0.32834094 0.10271517 0.11649316 0.7551016 0.8920285 0.15237429 0.29305138 0.3049341 0.5336996 0.3720464
[143,] 0.41667318 0.10946884 0.11949557 0.8561208 0.7748028 0.22368358 0.34196307 0.3881458 0.5355245 0.3540856
[144,] 0.33349159 0.06601872 0.13321979 0.8875505 0.9361671 0.21532422 0.20581216 0.4256292 0.4849566 0.3994400
[145,] 0.24565510 0.15413440 0.10548574 0.6806982 0.9450421 0.24093336 0.28953567 0.5628488 0.5306383 0.5647348
[146,] 0.28623651 0.16177938 0.12300939 0.7796484 0.8461924 0.21643671 0.61061148 0.3170673 0.5132926 0.3836957
[147,] 0.36745230 0.09363685 0.20988707 0.8541641 0.9838629 0.14592677 0.61641625 0.4193228 0.4605318 0.3860359
[148,] 0.16919809 0.09762209 0.16410414 0.8241764 0.8611440 0.16169709 0.56104599 0.4366130 0.3864339 0.6928664
[149,] 0.25472061 0.09671946 0.21890704 0.8532994 0.9629477 0.12952486 0.54768606 0.4790450 0.4630829 0.3635975
[150,] 0.31484818 0.09208769 0.28002511 0.8932903 0.9594599 0.25631473 0.40393563 0.5035177 0.4462137 0.5157677
[151,] 0.30075571 0.12197257 0.17928115 0.8516199 0.9159543 0.10938208 0.46246839 0.3471036 0.4819694 0.4231593
[152,] 0.22496541 0.04089696 0.33152633 0.7622285 0.9901463 0.14746530 0.75277441 0.4801817 0.4030661 0.4344560
[153,] 0.41887576 0.06153842 0.26051650 0.7690968 0.9185289 0.14831023 0.45468480 0.5496299 0.4090892 0.5334072
[154,] 0.31512743 0.03006245 0.15640981 0.8274036 0.8594127 0.15995037 0.52337875 0.5596374 0.3902064 0.6488139
[155,] 0.26385192 0.03967519 0.14148616 0.8424810 0.8755919 0.09821432 0.55046936 0.4375006 0.3793175 0.4506258
[156,] 0.16178261 0.06120759 0.13188094 0.8091711 0.8113763 0.17580012 0.55148446 0.5181099 0.3921317 0.5537210
[157,] 0.19672909 0.11960005 0.22750374 0.7598358 0.8102790 0.12751938 0.30998575 0.5274032 0.4233084 0.5914268
[158,] 0.09190375 0.11499123 0.11149100 0.8833129 0.8883404 0.21334731 0.39782315 0.4488661 0.3849395 0.6591524
[159,] 0.20117755 0.13733671 0.27063042 0.8501015 0.9732683 0.09424433 0.50041935 0.4397011 0.4876852 0.5848826
[160,] 0.26930740 0.14784209 0.22814803 0.8703752 0.8771834 0.17983945 0.37250318 0.4995182 0.4581227 0.3813809
[161,] 0.34869267 0.12034426 0.26304135 0.7511285 0.8793637 0.09512404 0.34416286 0.3526294 0.6275901 0.5891691
[162,] 0.08019987 0.14921247 0.27252636 0.7923400 0.9419253 0.20693261 0.22251551 0.2327386 0.6640291 0.3440859
[163,] 0.23219556 0.10410593 0.10966572 0.8275847 0.8366711 0.22675100 0.16779873 0.1875381 0.6359308 0.7429158
[164,] 0.24057512 0.13388097 0.09100379 0.8691596 0.9144556 0.16350640 0.26014384 0.2100836 0.5944698 0.4688282
[165,] 0.29016911 0.08449460 0.20271201 0.8312079 0.9153057 0.12183618 0.31527140 0.2543462 0.4855559 0.4203976
[166,] 0.19258614 0.06506063 0.20187695 0.8008886 0.9146594 0.15605003 0.49748431 0.3741846 0.4751277 0.4431290
[167,] 0.24339674 0.08601683 0.21487398 0.9114059 0.9611529 0.13410361 0.58152891 0.4060836 0.5237954 0.7124018
[168,] 0.36530170 0.11191179 0.14269204 0.6912578 0.9889374 0.17297172 0.27495297 0.3574933 0.5244127 0.5125559
[169,] 0.30870615 0.16038838 0.25313347 0.8103286 0.8711803 0.20464124 0.62852109 0.4038560 0.4346887 0.5116114
[170,] 0.33342220 0.09540618 0.07883837 0.8800846 0.8005478 0.13539205 0.49692269 0.3253364 0.5303140 0.5607134
[171,] 0.21364994 0.10955277 0.12217177 0.7107278 0.9564473 0.14663033 0.39550119 0.3928461 0.4889317 0.5701590
[172,] 0.28134408 0.12622456 0.09303833 0.7618685 0.8397702 0.10047888 0.36689109 0.3519332 0.4946403 0.4394593
[173,] 0.38212496 0.13564022 0.08675421 0.8401724 0.9555190 0.12495134 0.47115339 0.4432385 0.4082665 0.4808433
[174,] 0.35811125 0.16915566 0.14732914 0.8495015 0.8609780 0.19612908 0.41379293 0.4731507 0.4471573 0.4966286
[175,] 0.24790966 0.13282137 0.08440541 0.8166058 0.8681943 0.11187854 0.20788004 0.3786596 0.4402942 0.5558524
[176,] 0.28579420 0.11416444 0.32496646 0.8482098 0.7563524 0.09800173 0.33275867 0.3474931 0.4242556 0.4445474
[177,] 0.16934236 0.06731980 0.31455924 0.7030825 0.9269629 0.02612786 0.48560908 0.4067123 0.5778408 0.5188913
[178,] 0.26340776 0.13628067 0.48270863 0.8536765 0.8647159 0.07407979 0.46403007 0.3447771 0.5016433 0.6102329
[179,] 0.24870951 0.10544381 0.47976542 0.7291060 0.8616028 0.04233696 0.50806357 0.3746358 0.5432507 0.7074786
[180,] 0.17981788 0.06757522 0.28887180 0.8310095 0.9170468 0.12313432 0.59443659 0.4091993 0.4616440 0.5534119
[181,] 0.25237019 0.13756948 0.10280615 0.7556822 0.9310290 0.17623104 0.56237573 0.3108922 0.4199260 0.7148844
[182,] 0.39981455 0.12823696 0.18836459 0.7905366 0.8762243 0.21245035 0.50795241 0.3836719 0.4563599 0.3879578
[183,] 0.40204159 0.10274632 0.12869033 0.8011429 0.9335895 0.13314351 0.59568246 0.3886148 0.4250897 0.5635886
[184,] 0.36824820 0.08741332 0.22502704 0.8479219 0.8409211 0.18425158 0.66852442 0.4270177 0.5295873 0.4109240
[185,] 0.27512855 0.05658782 0.21378884 0.8213414 0.9264245 0.17175092 0.76300910 0.4414648 0.4167799 0.5119451
[186,] 0.09798658 0.12220760 0.12818128 0.6841141 0.9925396 0.07049801 0.54466267 0.4318737 0.3997772 0.6231527
[187,] 0.19136978 0.12964933 0.26591578 0.8165101 0.9406755 0.08879253 0.30544535 0.5450266 0.4628095 0.5915526
[188,] 0.27525096 0.05823089 0.18917401 0.8789810 0.8328239 0.13084243 0.42305090 0.4641108 0.3916096 0.6034136
[189,] 0.22283743 0.04658744 0.16994904 0.6499244 0.9516074 0.19166133 0.55938357 0.4362289 0.4341362 0.5251841
[190,] 0.18439218 0.07074189 0.32397731 0.7931493 0.9191180 0.09495387 0.29788798 0.4739375 0.5163126 0.6692786
[191,] 0.25183448 0.11111829 0.40440448 0.7825199 0.8425466 0.10021303 0.56287629 0.5002556 0.4407612 0.4818167
[192,] 0.18903155 0.07932584 0.27340094 0.8212787 0.8360810 0.12624094 0.44168322 0.5381811 0.5157608 0.5470241
[193,] 0.36213531 0.03784904 0.34925813 0.7140910 0.8966112 0.11315173 0.51345401 0.4518866 0.5011916 0.5929958
[194,] 0.26667042 0.03431360 0.26810898 0.7862624 0.9361755 0.12740251 0.53115392 0.4171203 0.4466231 0.5035723
[195,] 0.35798461 0.05431186 0.42118499 0.7724074 0.9260432 0.14164432 0.32297787 0.4396279 0.5240438 0.5259291
[196,] 0.17742662 0.01815208 0.22117960 0.8187686 0.8928730 0.16282365 0.54367613 0.3679590 0.6910800 0.5588331
[197,] 0.23188163 0.04733646 0.14811604 0.7529980 0.8312165 0.18110310 0.56148066 0.4254573 0.6483995 0.5918251
[198,] 0.24674239 0.03713762 0.22930816 0.8163909 0.8902179 0.15271833 0.51240664 0.3043702 0.6246022 0.6209273
[199,] 0.32015547 0.04428253 0.14321115 0.8476874 0.8777522 0.15950964 0.39965623 0.2251478 0.6209354 0.7623729
[200,] 0.24577751 0.09726430 0.07163307 0.7722723 0.8807712 0.15916795 0.37845951 0.2542763 0.5945727 0.4363783
[201,] 0.18525154 0.13220597 0.11214151 0.7989873 0.9313724 0.11270494 0.45859576 0.2267573 0.4785797 0.4666279
[202,] 0.35915239 0.15383796 0.21094132 0.8451923 0.9409637 0.09995186 0.43965834 0.3836684 0.4124137 0.3800730
[203,] 0.31333720 0.18174739 0.17833987 0.7826848 0.9073084 0.12789687 0.38753879 0.4656247 0.4376156 0.6473671
[204,] 0.29826552 0.12386707 0.02213369 0.7264293 0.8185659 0.19958307 0.47317906 0.4714576 0.4358502 0.4704909
[205,] 0.31900101 0.16483822 0.13346960 0.7030979 0.8474913 0.15682523 0.44703341 0.4395252 0.5654637 0.4143405
[206,] 0.29139938 0.12801237 0.03893659 0.7851334 0.9767337 0.16447176 0.53328671 0.4875423 0.5039896 0.5690572
[207,] 0.25348305 0.07855780 0.08968168 0.7718896 0.9119832 0.14201765 0.60743459 0.3789833 0.5625826 0.3096982
[208,] 0.33458629 0.07258539 0.19259130 0.7936710 0.9405659 0.14292959 0.39993186 0.3707595 0.4908841 0.2789921
[209,] 0.40097945 0.14447499 0.10311134 0.7457166 0.8861783 0.24021061 0.43052678 0.3848199 0.4875408 0.5838534
[210,] 0.44246228 0.12526613 0.19477366 0.8838203 0.9641808 0.17687971 0.33889242 0.4561378 0.4404794 0.5797259
[211,] 0.35689939 0.10628236 0.24948186 0.7903971 0.8893717 0.18990423 0.37768606 0.3192015 0.4591929 0.4221529
[212,] 0.16134076 0.07125870 0.30559124 0.8831241 0.8759037 0.19023923 0.39747152 0.4221262 0.4622383 0.5817899
[213,] 0.25438471 0.11490655 0.39035600 0.8243399 0.6961397 0.04904247 0.26640750 0.5472266 0.4416020 0.4493690
[214,] 0.31545973 0.10723700 0.30346787 0.7307632 0.9382788 0.13886455 0.41933299 0.5140287 0.3488831 0.6012096
[215,] 0.30021330 0.05868918 0.29529114 0.7984526 0.8810174 0.06793180 0.66575400 0.5582136 0.4389980 0.6196319
[216,] 0.15937757 0.05277599 0.29291210 0.8363202 0.8384811 0.15704947 0.43110456 0.4938851 0.3905147 0.3018521
[217,] 0.13438060 0.11024550 0.10858581 0.7891459 0.8712807 0.16141857 0.52917693 0.3438570 0.5101262 0.5270672
[218,] 0.32949332 0.11480177 0.07816794 0.8607798 0.9004964 0.19337073 0.49522831 0.3633742 0.4586281 0.4609210
[219,] 0.24305823 0.09177630 0.06651650 0.8004647 0.9255426 0.09941878 0.39595643 0.3923243 0.5241150 0.8509459
[220,] 0.29300960 0.07920153 0.15330296 0.8641176 0.9315126 0.24262339 0.45031375 0.5041774 0.4583790 0.6769006
[221,] 0.23399543 0.03289220 0.20088325 0.8169628 0.9653696 0.14037520 0.41181478 0.3991922 0.4831425 0.7229478
[222,] 0.19939381 0.08984593 0.25545234 0.7682212 0.8797234 0.11558687 0.70606996 0.2769574 0.6304343 0.5879265
[223,] 0.27049104 0.06252624 0.32787496 0.8492818 0.9118393 0.09351197 0.50466305 0.2859219 0.5276665 0.3258388
[224,] 0.37658900 0.20407272 0.18605501 0.8051590 0.8670638 0.12443461 0.30511432 0.2272726 0.5117002 0.6366118
[225,] 0.33085537 0.14670638 0.18046050 0.6936891 0.9407196 0.04948742 0.36790395 0.3434315 0.5107198 0.5634820
[226,] 0.42760107 0.12396811 0.30354724 0.7930769 0.9167402 0.18591039 0.19198751 0.3208361 0.5094459 0.7118497
[227,] 0.35015851 0.10770691 0.23872585 0.8574041 0.9431918 0.16673360 0.25043387 0.3476863 0.4210389 0.3954340
[228,] 0.28132193 0.10452863 0.14737603 0.7980907 0.8728174 0.09607664 0.34559840 0.3635064 0.4953665 0.5845239
[229,] 0.20897957 0.10449374 0.22101431 0.8182158 0.8534205 0.07610290 0.47038823 0.3976500 0.4265497 0.6133620
[230,] 0.20821503 0.13122053 0.21404007 0.8050457 0.9357028 0.20912172 0.33218869 0.4745874 0.4675042 0.3955574
[231,] 0.30720339 0.19923058 0.27175957 0.7952584 0.7394156 0.31783128 0.32630389 0.4721969 0.4212783 0.6131656
[232,] 0.19624863 0.13734870 0.14442401 0.8139237 0.7740292 0.10761465 0.34316105 0.6576626 0.4682983 0.4274457
[233,] 0.26466260 0.10323329 0.14435718 0.9214997 0.9104365 0.15922551 0.42704234 0.4302988 0.4798174 0.4837157
[234,] 0.21337921 0.11176690 0.19052107 0.7737040 0.8435034 0.08694505 0.32574784 0.4964170 0.4181011 0.5830045
[235,] 0.23441876 0.12120152 0.28451451 0.7480772 0.7457840 0.11449769 0.42011422 0.4197129 0.4166133 0.4646164
[236,] 0.26909275 0.10915020 0.21019972 0.7111477 0.9396674 0.14609262 0.58904786 0.5145297 0.5247433 0.7138375
[237,] 0.37204098 0.10609618 0.22451674 0.8181808 0.7496465 0.09224873 0.63382466 0.4631909 0.4947408 0.5343016
[238,] 0.18871771 0.05306484 0.16703070 0.7223359 0.9405087 0.14813456 0.68750704 0.5774664 0.5309574 0.6262728
[239,] 0.33759740 0.06681409 0.14471652 0.8242327 0.6482958 0.21743760 0.29159157 0.6004264 0.4698447 0.5240026
[240,] 0.15485305 0.10439777 0.15847731 0.6584845 0.9260248 0.26176776 0.27219232 0.5807132 0.4602655 0.5076048
[241,] 0.20436772 0.15133463 0.04388708 0.8354550 0.8041113 0.12287303 0.23912590 0.5392980 0.3473213 0.5141454
[242,] 0.22349164 0.12794613 0.08688028 0.7421282 0.7660011 0.32932330 0.32568241 0.4850026 0.3892409 0.5323719
[243,] 0.23330543 0.09341364 0.05224201 0.8527095 0.8320229 0.16732121 0.40372480 0.4765497 0.3218616 0.5344358
[244,] 0.26668486 0.09737428 0.11116871 0.7061935 0.7687924 0.17823324 0.19634759 0.5401263 0.4541207 0.5606532
[245,] 0.20070033 0.10218287 0.31276387 0.7105131 0.9053821 0.17956577 0.58616072 0.4934350 0.4995120 0.5626614
[246,] 0.31457137 0.16624940 0.22650749 0.6764793 0.9079693 0.27331297 0.44171632 0.4506445 0.4026290 0.5757521
[247,] 0.25461423 0.06530648 0.21924143 0.7677008 0.9695074 0.13431457 0.50248398 0.5641724 0.3805923 0.6418987
[248,] 0.16133992 0.11598069 0.15322903 0.7547673 0.9535024 0.22131159 0.40685647 0.5947665 0.4986599 0.4530043
[249,] 0.31330156 0.11906754 0.10751537 0.8157999 0.9667612 0.26021810 0.41426306 0.4998365 0.4455287 0.5862503
[250,] 0.17624482 0.11366770 0.10849529 0.8461107 0.8652060 0.17156373 0.21581617 0.3956854 0.4748116 0.3744798
[251,] 0.27612669 0.07104654 0.13486217 0.8886098 0.9547804 0.15177740 0.52662681 0.5244259 0.4357279 0.4725534
[252,] 0.33517603 0.06015708 0.26821785 0.7762308 0.9504912 0.08839463 0.60068655 0.5196505 0.4222062 0.4711313
[253,] 0.06393386 0.03994041 0.26472355 0.7749823 0.9240269 0.08592601 0.43898000 0.4907687 0.3606015 0.6098306
[254,] 0.17577510 0.06962027 0.30656956 0.8565935 0.8411369 0.08426716 0.48368518 0.5752166 0.4081681 0.5824886
[255,] 0.22837589 0.19311139 0.23346204 0.7291615 0.8580123 0.19963044 0.21764858 0.5824853 0.4141630 0.6668236
[256,] 0.32544241 0.17377310 0.15863206 0.8623475 0.9230566 0.21182906 0.18868167 0.6016883 0.3373896 0.5827939
[257,] 0.31241497 0.16649483 0.25459487 0.8766945 0.9296826 0.18895586 0.36067984 0.6774120 0.3596230 0.5419606
[258,] 0.23707849 0.15252255 0.11633992 0.7485864 0.9516307 0.12885458 0.33477820 0.6297976 0.3351248 0.4242706
[259,] 0.19367241 0.08121351 0.14816719 0.8340027 0.9124787 0.19130792 0.63903617 0.6537304 0.2894345 0.3004709
[260,] 0.21977957 0.05361369 0.15469679 0.7995574 0.8172185 0.15432342 0.55507293 0.6770889 0.2905033 0.4217252
[261,] 0.27771346 0.04411990 0.17878919 0.8138905 0.9479653 0.23362315 0.64724237 0.6161570 0.2976618 0.6800309
[262,] 0.19633219 0.03339800 0.04426121 0.8449527 0.9421269 0.17135747 0.65291643 0.6389872 0.2499572 0.4227601
[263,] 0.27669610 0.03691275 0.09642017 0.8111750 0.8841004 0.11278715 0.58691961 0.6261552 0.3357605 0.7610906
[264,] 0.31389695 0.01891858 0.18109545 0.7510889 0.8940129 0.16155153 0.56087550 0.6404905 0.2670503 0.6836009
[265,] 0.31552243 0.03002862 0.21163569 0.7910431 0.9237699 0.12800238 0.46584058 0.5354568 0.2822586 0.5751801
[266,] 0.16431277 0.04950889 0.27127591 0.7727034 0.8259166 0.14287925 0.44255524 0.4974099 0.4052490 0.4813982
[267,] 0.26571570 0.10658283 0.22118165 0.7609908 0.8296598 0.17818407 0.45332562 0.3824637 0.6526274 0.5339773
[268,] 0.32904893 0.08230183 0.08035744 0.7676935 0.9129952 0.13627883 0.52442769 0.3320583 0.6066774 0.6809128
[269,] 0.19895145 0.12684323 0.14293231 0.8552441 0.8438861 0.20439276 0.53326878 0.3153228 0.6452659 0.5621103
[270,] 0.23291119 0.10118276 0.08781348 0.8359181 0.9601312 0.15377834 0.44523493 0.3181763 0.5901924 0.4713454
[271,] 0.16073632 0.10367024 0.33237358 0.7208901 0.9348678 0.07189284 0.53195361 0.2192231 0.6048046 0.5739154
[272,] 0.23333749 0.12719724 0.32198138 0.8592310 0.9949737 0.17736807 0.43443474 0.2483672 0.5362653 0.5162689
[273,] 0.26891622 0.11809860 0.31747388 0.8105316 0.8843425 0.15956596 0.43911681 0.2837029 0.4426843 0.4915598
[274,] 0.35499643 0.12079323 0.19858576 0.7811649 0.9177359 0.16134091 0.49753602 0.3509330 0.5049152 0.6098724
[275,] 0.36768191 0.09995646 0.13860023 0.7760471 0.9617076 0.23214491 0.68875704 0.4265469 0.4624636 0.6169529
[276,] 0.27716147 0.05816942 0.07769188 0.8631349 0.9379385 0.19631704 0.45543195 0.5066460 0.6022132 0.4516571
[277,] 0.29509744 0.07866256 0.12729787 0.8148133 0.8526510 0.09399148 0.34945468 0.4494126 0.5241723 0.5377154
[278,] 0.32787148 0.17272423 0.05488383 0.7980588 0.9148748 0.18090888 0.33110822 0.4964779 0.6241279 0.5380423
[279,] 0.21714038 0.10715925 0.13607327 0.7748040 0.7827442 0.21792186 0.36938632 0.3688925 0.6547618 0.4120960
[280,] 0.17579680 0.15576618 0.02191121 0.8684423 0.7935401 0.33547580 0.49910357 0.3639719 0.5033742 0.5792709
[281,] 0.22355470 0.14790211 0.03893041 0.8894692 0.7796383 0.08884586 0.53496364 0.3489053 0.6241646 0.4506603
[282,] 0.39590565 0.09668998 0.18438111 0.8658918 0.9019561 0.21061642 0.49981501 0.4198543 0.5878444 0.5221676
[283,] 0.23904229 0.11900936 0.23247065 0.8526672 0.7976903 0.09936280 0.51438217 0.3742371 0.5631124 0.6263991
[284,] 0.26627398 0.07019784 0.23613258 0.8469783 0.8658885 0.12202057 0.43041632 0.3387887 0.6255457 0.4751751
[285,] 0.31572833 0.12582751 0.32273445 0.8840676 0.9676922 0.09943778 0.22577030 0.3074601 0.6211427 0.4541202
[286,] 0.13591910 0.14937815 0.41160743 0.8143568 0.9479987 0.10201787 0.48552227 0.2226644 0.6247659 0.5012919
[287,] 0.30513956 0.09823844 0.16339333 0.8454568 0.8485679 0.16955993 0.41449763 0.2221894 0.5033219 0.5813502
[288,] 0.20211129 0.12560488 0.10232168 0.7486628 0.9202520 0.07179502 0.16176784 0.1314364 0.5551065 0.5082229
[289,] 0.26171001 0.14431991 0.37992316 0.7410351 0.8543042 0.05841334 0.24052488 0.2237435 0.4735944 0.5049697
[290,] 0.40623673 0.12171601 0.33314785 0.6720556 0.9154520 0.07653626 0.35117307 0.3882246 0.4985766 0.6063388
[291,] 0.46433950 0.11048829 0.21634480 0.8226465 0.9536589 0.09418231 0.33375457 0.5292936 0.4822493 0.5866438
[292,] 0.23842174 0.10619648 0.21853798 0.8295850 0.8909805 0.07005014 0.43412929 0.4611247 0.5045161 0.5558514
[293,] 0.37859138 0.08133884 0.13854759 0.9229011 0.9152482 0.16748043 0.22587470 0.4599168 0.4655275 0.5217470
[294,] 0.22831663 0.16345434 0.13261460 0.7067294 0.9591599 0.17267626 0.27080092 0.4566354 0.5237771 0.6310744
[295,] 0.26243968 0.17996889 0.22097798 0.7946951 0.8487938 0.19097102 0.14282775 0.4777124 0.4162449 0.6162963
[296,] 0.12991933 0.22113026 0.10280649 0.8275198 0.9362550 0.22320274 0.34980770 0.4793726 0.4715013 0.5679343
[297,] 0.17577848 0.12590651 0.08432809 0.7217155 0.9026666 0.14697127 0.23471341 0.4800654 0.4613799 0.6856707
[298,] 0.22859082 0.11345863 0.17115364 0.8367204 0.8531443 0.16909790 0.32329055 0.3799075 0.4627299 0.4363445
[299,] 0.24544544 0.19165397 0.18274921 0.7597091 0.8993718 0.16213814 0.28612446 0.4205172 0.5073265 0.7884332
[300,] 0.22669704 0.10481713 0.23025734 0.8652777 0.8501192 0.13456979 0.29896100 0.4303551 0.4696813 0.5566934

===========================

mu:

            sp1         sp2       sp3       sp4        sp5        sp6        sp7       sp8        sp9       sp10
mean 0.89238247 1.390342794 1.7110407 0.5315127 1.50910157 1.72364983 1.32026692 1.0466880 1.02475276 0.90389251
sd   0.01625462 0.009831799 0.0225927 0.0142913 0.01617102 0.01197113 0.02171314 0.0161121 0.01418267 0.01918976

vu:

            sp1        sp2        sp3        sp4        sp5        sp6        sp7        sp8        sp9     sp10
mean 1.02424263 0.96202844 1.04646402 1.26228117 1.40999930 1.01220456 0.93934741 1.25522843 1.23533739 1.731287
sd   0.02273066 0.01145243 0.03095166 0.01676048 0.01954388 0.01560158 0.02735446 0.01967722 0.01478149 0.024169

rho:

            sp1        sp2        sp3        sp4       sp5        sp6       sp7        sp8        sp9      sp10
mean 0.26387195 0.10769346 0.19084648 0.79948186 0.8893358 0.15531278 0.4117023 0.43343579 0.46662627 0.5328690
sd   0.07819487 0.04116034 0.08939761 0.06289879 0.0564857 0.05481251 0.1295122 0.09990577 0.08069468 0.1064958
