6.525 0.0077 0.3968 0.6848 0.3182 0.1176 5.8722 0.5833
5.0876 0 0.3989 0.7654 0.6049 0.1429 5.4094 1
4.7274 0 0.4635 0.7611 0.0088 0 6.0769 0
5.2883 0 0.4859 0.7727 0 0.4286 6.0286 0.3333
4.4543 0.0095 0.4929 0.7093 0.1977 0 5.2162 0
3.091 0 0.4898 0.4545 0 0.1333 4 1
4.2195 0 0.4969 0.75 0 0.375 5.9464 0.3333
6.1549 7e-04 0.4696 0.7304 0 0.2857 6.2464 0.3
4.4998 0.004 0.4466 0.6889 0 0 5.7872 0
4.0943 0 0.4444 0.65 0 0.087 5.1364 0
5.366 0.0018 0.3883 0.6822 0 0.1667 6.1389 1
6.2046 0 0.4479 0.6424 0 0.1389 5.6907 0.6
4.1744 0 0.516 0.6923 0.4154 0 6.0889 0
8.4329 0.0109 0.4359 0.5548 0.0015 0.0841 6.018 0.3333
10.1414 0.0397 0.4806 0.728 0.0453 0.2242 5.7241 0.1612
7.676 0.0051 0.5521 0.7087 0.0056 0.1852 6.5139 0.3
9.0792 0.0168 0.5589 0.7239 0.0048 0.1746 6.7876 0.2712
9.0032 0.0182 0.5708 0.8064 0.0079 0.4576 7.1696 0.5158
6.8276 0.0017 0.4821 0.7443 0.0704 0.1273 5.4871 0.2143
3.2958 0 0.4737 0.5926 0.1111 0 4.5 0
8.8024 0.0062 0.5333 0.7371 0.0104 0.2364 7.0695 0.2389
6.2066 8e-04 0.4924 0.7621 0.0081 0.3372 5.5484 0.6207
7.1647 0.0287 0.409 0.8747 0 0.087 4.747 0
6.8244 0.0195 0.4919 0.7902 0.0011 0.5 5.5894 0.0286
6.6846 5e-04 0.4578 0.6788 0.1912 0.2857 5.9055 0.3889
7.3531 0.0026 0.5018 0.6201 6e-04 0.1707 6.892 0.3571
5.1533 0 0.5312 0.7168 0 0.0769 5.9609 0
8.3946 0.0038 0.4896 0.7144 0.014 0.0914 6.4595 0.4444
7.9745 7e-04 0.5429 0.8586 0.01 0.2791 6.5052 0.5833
7.1468 0.0065 0.4741 0.7457 0 0.3 6.609 0.75
6.5793 6e-04 0.4747 0.675 0 0.1562 5.7412 0.2
6.3135 0.0016 0.6236 0.6087 0.0453 0.0769 5.9286 0.3333
7.0605 3e-04 0.4733 0.7013 0.0043 0.1224 6.3617 0.8333
5.9026 0.0011 0.4447 0.765 0.0027 0.0294 5.3684 0
7.4037 0.0023 0.4114 0.74 0.5067 0.1813 5.8485 0.6571
5.0173 0.0062 0.3932 0.5695 0 0.2105 5.5785 1
4.1431 0 0.4464 0.7302 0.2698 0 5.7551 0
5.6419 0.0014 0.4668 0.6596 0 0.12 5.7246 0.6667
4.6821 0 0.4857 0.6852 0 0.5 5.9405 0.6667
7.2738 0.0044 0.4389 0.6699 0.3037 0.1462 5.7047 0.7742
5.2095 0.641 0.4549 0.8361 0 0 5.3701 0
5.5491 0.0017 0.4433 0.6381 0 0.1333 5.5329 0
5.2781 0.0025 0.4389 0.8724 0 0.0769 3.6389 1
5.9322 0.0067 0.5766 0.7851 0.0053 0.1538 6.672 0.5
10.3932 0.0091 0.4529 0.6263 0.0119 0.0963 6.7233 0.5267
4.2627 0 0.4431 0.7606 0.0141 0.0909 5.9677 1
8.9065 0.0178 0.5319 0.7367 0.0489 0.3273 6.6181 0.5185
5.1358 0 0.4543 0.6471 0 0.4545 6.5191 1
5.4765 0.0032 0.4608 0.6485 0 0.1765 6.256 1
6.6359 5e-04 0.481 0.7822 0.0039 0.1629 5.3875 0.6512
9.1845 0.003 0.4914 0.7021 0.3683 0.0833 5.8612 0.5506
7.9769 0.0269 0.5465 0.7645 0.0103 0.3171 6.1924 0.3462
9.1603 0.0401 0.4889 0.7988 0.0112 0.3176 6.2748 0.4074
3.1781 0 0.4844 0.7083 0 0 5.7391 0
6.1203 0 0.412 0.6396 0 0.1554 5.1691 0.8696
7.1452 0.03 0.56 0.6577 0.0528 0.3429 5.8241 0.375
6.2823 0.0124 0.4802 0.6542 0.0075 0.1176 6.0602 0
4.3694 0 0.5092 0.8101 0 0 6.3333 0
4.3307 0 0.4755 0.7895 0 0.3333 6.322 0
6.0684 0 0.5069 0.7199 0.0116 0.1538 5.4167 0.5
7.728 0.0194 0.4795 0.8217 0.0062 0.2 5.6027 0.0435
6.1463 0.005 0.417 0.6938 0 0.125 5.7817 1
8.4762 0.0672 0.4845 0.6235 0.0496 0.0704 5.7911 0.5
8.4098 0.0088 0.5349 0.7315 0.0129 0.354 7.5295 0.4737
6.6346 0.0011 0.4551 0.6925 0 0.1915 6.0406 0.5556
6.8937 0.0036 0.4046 0.6684 0.1775 0.0641 5.8387 0.8
5.5255 0.0056 0.7523 0.7052 0.008 0.1158 5.44 0.2273
5.7462 0.0083 0.4369 0.6486 0 0.2143 6.6734 0.8333
4.382 0 0.4755 0.65 0.45 0.087 5.9667 1
3.7377 0 0.4667 0.6667 0 0 6.1944 0
4.7362 0 0.5527 0.8509 0 0 5.5054 0
7.6926 0.003 0.466 0.6378 5e-04 0.1145 6.0602 0.5263
5.9162 0 0.494 0.6577 0 0.3158 7.0859 0.6667
5.9661 0.0041 0.3813 0.6282 0 0.1765 6.2923 0.8333
6.4118 0.0013 0.4873 0.734 0 0.1707 6.1342 0.2857
5.823 0.0046 0.5623 0.5799 0.0207 0.5 5.6323 0
4.8203 0 0.4493 0.7661 0 0.1667 4.9524 0.6667
7.643 5e-04 0.3582 0.7474 0.0014 0.1503 5.0965 0.4793
6.6227 0.0117 0.4788 0.738 0.0027 0.3514 6.4403 0.3077
7.355 0.0041 0.516 0.7909 0 0.443 5.821 0.4286
6.9603 0.0043 0.5359 0.7087 0.0199 0.1667 7.5585 0.6
5.5053 0.0029 0.3948 0.7073 0.252 0.0952 6.0242 0.5
8.182 0.0123 0.5468 0.7408 0.0039 0.2008 6.454 0.2653
7.5585 0.0014 0.5113 0.7074 0.001 0.1547 6.9085 0.6429
1.0986 0 0.5455 1 0 0 10 0
8.1104 0.0041 0.4525 0.6125 9e-04 0.1675 6.1392 0.5312
5.4931 0 0.4571 0.7037 0 0.0952 5.4157 0.5
5.8201 0 0.4602 0.7478 0 0.3 6.2641 0.6667
4.4886 0 0.3323 0.7079 0 0 6.6027 0
5.0304 0 0.4745 0.6993 0.0196 0.2121 5.9333 0.7143
9.5539 0.3467 0.5785 0.8103 0.0524 0.4945 5.7367 0.0773
7.7302 0.03 0.5175 0.783 0.0628 0.2811 5.4782 0.8269
10.3711 0.0394 0.4375 0.5448 0.1862 0.1565 6.2912 0.3905
6.2086 0.0018 0.4418 0.6459 0 0.2075 6.2698 0.3636
7.2862 0.0013 0.539 0.6788 7e-04 0.0163 6.0957 0.375
8.7918 0.0116 0.4986 0.7334 0.004 0.3289 6.79 0.2857
7.7816 0.0143 0.5324 0.3982 0.0134 0.0455 5.5659 0.4
8.6656 0.0054 0.4817 0.6572 0.004 0.1552 4.7168 0.391
9.6519 0.0281 0.5332 0.6267 0.023 0.1768 6.2015 0.4583
8.354 0.0021 0.4412 0.7415 0.3318 0.103 5.4716 0.3977
9.7791 0.0421 0.5477 0.7242 0.0167 0.249 6.709 0.254
6.1612 0 0.4253 0.7089 0 0.2041 5.0489 0.8
3.7842 0 0.534 0.7045 0 0 5.7317 0
4.2485 0 0.4756 0.7429 0 0.375 5.459 0.8333
4.6052 0 0.4154 0.69 0 0.0667 6.2059 0
6.8405 4e-04 0.5153 0.7572 0.3786 0.08 5.4109 1
7.8067 0.0067 0.4362 0.6895 0.0212 0.1675 5.5988 0.8088
9.5079 0.0427 0.4837 0.7116 0.0942 0.1314 5.3509 0.2222
4.2341 0 0.45 0.5072 0 0.0833 6.3913 0
6.3561 0.0071 0.4367 0.7517 0.0017 0.15 5.6461 0.6667
3.912 0 0.5071 0.82 0 0.4 5.7317 0.5
6.9976 0.0021 0.5096 0.7523 0.1773 0.1098 5.7402 0.5556
11.0334 0.0184 0.5454 0.6556 0.0442 0.1191 6.3916 0.5057
4.1897 0 0.382 0.697 0 0 5.65 0
6.8341 0.0114 0.5105 0.7869 0.0022 0.4091 7.6589 0.6667
4.6052 0 0.4852 0.72 0.01 0.1818 5.8118 1
7.5289 0.0051 0.4483 0.6373 5e-04 0.125 6.2917 0.5714
5.6971 0.0048 0.541 0.8221 0.0067 0.0667 5.6589 0
7.2004 0.0021 0.4731 0.7104 0 0.08 6.4658 0.75
7.0775 7e-04 0.48 0.6667 0 0.0851 6.5885 0.25
5.687 0 0.4412 0.7593 0 0.2545 5.4725 0.6429
9.2994 0.0142 0.5597 0.8442 0.0029 0.2986 7.1591 0.5455
7.67 0.0087 0.5427 0.7536 0.224 0.1474 6.2218 0.4783
8.7326 0.0058 0.4946 0.5913 0.0015 0.0789 6.5688 0.4643
5.0434 0 0.4103 0.8 0.9742 0 5.1939 0
7.4442 0.0022 0.4404 0.6608 0.5076 0.1888 6.1162 0.7778
7.6324 0.0014 0.4743 0.7558 0.2907 0.1046 6.1313 0.625
5.9081 0.0011 0.4168 0.6495 0.0027 0.1186 6.2556 1
6.6809 0.0041 0.4753 0.6537 0.0013 0.1084 6.3852 0.8148
5.6595 0.0013 0.4768 0.7282 0 0.3684 5.7679 0.4286
6.1527 0.0058 0.4929 0.7085 0.2681 0.1455 5.5082 0.5
6.981 0.0107 0.5281 0.6887 0.0065 0.3478 5.4565 0.125
9.1278 0.0795 0.5752 0.727 0.0464 0.2322 6.3874 0.1023
4.654 0.0034 0.4777 0.7619 0.2095 0.5 6.0658 1
6.4052 0.0013 0.438 0.6711 0.3091 0.1852 5.8143 0.7
6.6359 0.0079 0.5238 0.7178 0 0.7273 5.9875 0.125
5.2523 0 0.4211 0.6126 0 0.125 5.9843 0.5
6.4457 0.0027 0.4569 0.6524 0 0.3542 6.3367 0.8824
7.1123 0.0021 0.4046 0.6055 0 0.2746 6.5292 0.6667
7.9324 0.0021 0.4684 0.6515 0.0158 0.1253 6.1822 0.5849
5.2575 0 0.4087 0.599 0 0.0667 6.2214 1
8.5664 0.0107 0.3363 0.5373 0.2822 0.0553 6.349 0.3214
8.776 0.005 0.476 0.673 3e-04 0.1464 6.1432 0.4286
8.4589 0.0047 0.4735 0.6563 0 0.1949 6.4145 0.6038
6.0014 0.0018 0.4912 0.7723 0.005 0.0741 5.3832 0.3333
6.477 0.0038 0.4521 0.6615 0.0231 0.137 5.4232 0.5
8.0206 0.0037 0.5062 0.5784 0.1104 0.1682 6.1003 0.6216
5.7838 0.0012 0.4766 0.7323 0.0677 0.2381 5.631 0.8
7.4146 0.0039 0.205 0.6645 0.0048 0.4608 5.1737 0.5106
5.5413 0.0052 0.4654 0.8196 0 0 6.3663 0
8.682 0.025 0.4686 0.7812 0.0061 0.3282 5.4818 0.0748
4.9127 0 0.4653 0.6765 0 0.1111 5.9519 1
5.8522 0.0055 0.5166 0.842 0 0 7.5387 0
6.2344 0.0013 0.4199 0.8 0.1314 0.0682 5.3396 0.3333
6.9088 0.0024 0.4344 0.6853 0 0.1389 6.395 0.8
6.6477 0.2423 0.4499 0.7964 0.0947 0.1339 5.4823 0.7333
6.82 4e-04 0.4239 0.691 0.3352 0.1284 5.7548 0.8571
8.283 0.0139 0.5695 0.8602 0.0121 0.3135 7.0936 0.5517
8.0517 0.0111 0.5535 0.7557 0.014 0.2038 5.566 0.4533
5.6131 0 0.503 0.8066 0.0219 0.0769 5.563 0.5
5.273 0 0.4696 0.6615 0.0564 0.1 5.6529 1
5.193 0 0.523 0.7278 0 0.32 5.1679 0.875
4.8978 0 0.4799 0.7836 0.0075 0.2143 5.6837 0.6667
5.5294 0 0.5388 0.7817 0.1389 0.1111 5.7876 0.5
7.5616 0.0237 0.5533 0.7046 0.0588 0.1128 5.9062 0.6216
5.124 0 0.447 0.7143 0 0.1176 5.4173 0.5
7.5459 0.0026 0.3074 0.5298 0.0032 0.0553 4.9667 0.3571
6.2186 0 0.4695 0.759 0.2072 0.1091 5.32 0.6667
6.48 6e-04 0.5259 0.7531 0 0.2821 5.8327 0.5455
6.286 0 0.4617 0.7039 0 0.0625 5.9699 0.5
5.7621 0.0012 0.4964 0.7862 0 0.0667 6.6667 1
5.9661 0 0.5115 0.6692 0 0.1111 5.7217 0.75
6.1399 0.0024 0.4111 0.6789 0.5819 0.0385 5.9634 1
4.92 0 0.4012 0.6277 0 0.0769 5.6909 0.5
6.8491 5e-04 0.432 0.6299 0 0.1908 6.3805 0.6897
6.0064 0 0.4217 0.697 0.0025 0.0326 5.1418 1
5.0938 0.0054 0.5403 0.7301 0.0736 0.1852 6.0462 0.8
7.3821 0.0106 0.5784 0.776 0.0025 0.26 6.5414 0.2308
7.72 0.0421 0.5535 0.913 0.004 0.2593 8.3483 0.2857
5.1417 0.0023 0.5128 0.7251 0 0.2188 6.0368 0.8571
6.1356 0.0111 0.4686 0.6602 0 0.0952 6.3139 0.3333
4.7791 0 0.5275 0.7899 0 0.1667 6.3365 1
7.0397 0.0063 0.5123 0.8054 0.0386 0.1923 5.8304 0.45
7.1309 0.0022 0.489 0.6824 0.0096 0.0492 7.0828 0
7.5549 0.0083 0.4604 0.6534 0.0063 0.1016 6.6551 0.4615
3.9703 0 0.5538 0.5849 0 0 5.2 0
7.7668 0.0017 0.4337 0.6031 4e-04 0.178 6.867 0.9605
3.6636 0 0.4724 0.8974 0 0.1667 5.5667 0
4.3694 0 0.4682 0.6962 0 0.4 5.6333 0.75
5.5722 0.0015 0.5044 0.7605 0 0 6 0
7.7227 0.0299 0.5462 0.7428 0.012 0.2208 7.8622 0.5882
5.9915 0.0029 0.4084 0.635 0 0.1111 6.0704 1
9.9336 0.0209 0.5427 0.7075 0.0516 0.1551 5.3134 0.5765
6.1334 0 0.4804 0.6074 0 0.0794 6.428 0.8
7.1724 0.0806 0.5538 0.8956 0.0069 0.3269 7.8448 0.7059
8.2266 0.0039 0.4739 0.6844 0 0.1274 6.1507 0.5926
7.7057 0.0065 0.5747 0.8834 0.0027 0.3939 7.0785 0.4615
6.0014 0 0.3864 0.646 0 0.1795 5.7977 0.8571
6.2897 0.0057 0.5575 0.6289 0 0.1905 6.7638 0.25
7.4827 0.0055 0.4661 0.7259 0.1891 0.2178 6.7043 0.6818
10.2639 0.0391 0.5079 0.6116 0.0136 0.0775 6.159 0.2317
5.9349 0.0447 0.5505 0.6667 0.0238 0.1875 7.0598 1
6.2226 0.0017 0.3666 0.5972 0 0.1935 6.0456 0.75
5.8916 0.0013 0.4587 0.6271 0 0.2 5.6219 1
6.2086 0.0048 0.4097 0.6439 0 0.1961 6.1493 0.6
8.6829 0.0377 0.5363 0.769 0.0075 0.3657 7.5765 0.4141
4.2341 0.0052 0.5521 0.8261 0 0 6.5 0
8.8075 0.0645 0.5343 0.6885 0.0232 0.2724 6.6386 0.4589
6.9344 4e-04 0.4045 0.7011 0.5618 0.1416 5.5596 0.5
4.8122 0 0.5141 0.6423 0 0.0833 5.7778 0
3.8918 0 0.4054 0.5918 0 0.2143 5.8205 1
5.5134 0 0.4084 0.5524 0 0.0667 5.712 0
4.7185 0 0.5 0.6786 0 0 4.8812 0
5.425 0.0037 0.4664 0.674 0.1233 0.1 6.0185 1
8.5908 0.0038 0.5389 0.7232 0.1135 0.1741 5.7238 0.4186
7.2174 0.0022 0.4591 0.7887 0.0044 0.098 4.4926 0.4
6.1334 0 0.466 0.6833 0 0.4615 5.0684 0.1667
6.869 0.0031 0.5222 0.7568 0.0021 0.1616 6.4435 0.6038
10.9534 0.0124 0.4857 0.6767 0.2708 0.1417 5.7639 0.5125
7.653 0.0451 0.5318 0.8662 0.0318 0.254 8.7186 0.25
6.8522 0.0013 0.4532 0.6152 0 0.1961 6.2434 0.5
7.271 0.0249 0.5179 0.7601 0.0014 0.1015 5.4819 0.5
8.292 0.08 0.6058 0.7002 0.0571 0.5556 6.0054 0.4769
7.5433 0.0024 0.3613 0.6308 0.0572 0.0678 6.0158 0.375
6.363 0 0.5137 0.7862 0.0017 0.0769 6.1606 1
5.9839 6e-04 0.3995 0.8615 0.0076 0.0476 4.3408 1
6.9689 0.0025 0.5205 0.8231 0.0019 0.2 5.3658 0.6667
7.1188 7e-04 0.4694 0.6097 0 0.1356 6.4051 0.5
4.3438 0 0.4428 0.6364 0 0 5.2453 0
4.7005 0 0.3211 0.7364 0.9818 0 5.0641 0
3.3322 0 0.5088 0.6071 0 0.25 5.6087 1
2.3979 0 0.5417 0.6364 0 0 6 0
2.9957 0 0.3261 0.6 0 0.25 5.05 1
4.625 0 0.5159 0.8137 0 0.125 6.0658 1
5.9789 0.0019 0.4896 0.7671 0.0025 0.1163 5.7203 0.8
5.3566 0.0035 0.4671 0.7547 0.0094 0.3103 5.6497 0.8889
7.257 0.0217 0.5713 0.6065 0.0092 0.0821 6.1394 0.0909
8.2008 0.0015 0.458 0.7028 0.396 0.1747 6.1784 0.4681
4.9127 0 0.4727 0.6618 0 0.2 5.3604 1
5.7137 0.0032 0.5573 0.6469 0 0.0457 5.1755 0.4667
8.9913 0.0027 0.4638 0.5424 0.9134 0.0726 6.8277 0.7683
8.0229 0.0036 0.4742 0.6961 0.0016 0.1818 6.4675 0.4286
1.3863 0 0.75 0.5 0 0 5 0
3.5553 0 0.5283 0.7143 0 0.1111 3.9429 1
4.2195 0 0.5215 0.75 0 0 4.2586 0
8.2446 0.0136 0.4566 0.7675 0.0026 0.336 7.0515 0.3571
4.7707 0.0029 0.4686 0.7966 0 0.5 6.1613 0.5
9.5062 0.0056 0.5013 0.7376 0.0022 0.2365 5.5596 0.3684
4.6347 0 0.4437 0.7767 0.2524 0.0769 5.75 0
4.1431 0 0.5 0.6825 0.1111 0.4 5.8727 0.75
