10.4545
8.9227
10.1697
10.4103
9.0825
10.1023
9.4572
10.4885
10.548
9.5252
10.0078
10.0519
10.5966
11.0944
11.8796
11.9665
11.3145
11.2848
10.6041
9.9665
10.9561
10.0213
10.6805
11.3874
10.5558
10.6713
9.9085
10.6478
10.9647
10.7579
10.4773
10.4913
10.2612
9.8985
10.0982
9.2203
9.77
9.7527
10.2256
10.0301
11.0268
9.7172
10.5966
11.9691
10.6091
9.6158
11.2898
9.9942
9.4174
9.5956
10.3704
11.7519
12.1611
9.873
9.4255
11.2554
10.7621
9.4092
9.9851
10.24
11.8494
10.3482
10.9561
11.8292
10.0774
10.24
11.4564
9.1378
9.3237
9.5888
10.643
10.4688
11.0071
9.3414
10.389
11.0317
10.0774
10.4545
10.8117
10.7727
11.5899
10.3546
12.1479
10.6334
12.478
10.494
9.4494
10.1542
10.8474
10.2921
12.2596
10.5374
10.7748
10.5078
11.6977
11.2226
10.6759
10.8474
11.2199
10.3514
11.6369
9.9085
9.5178
9.4955
9.465
10.1464
10.1849
11.2398
10.5966
10.3828
8.8679
10.345
11.1317
9.8522
12.1996
9.5324
9.9618
10.4371
10.1735
10.8667
10.2292
12.0884
10.9241
10.8158
9.655
10.2612
10.3735
9.8679
10.4885
9.957
9.8309
10.5941
11.9595
10.7233
10.2146
11.0121
10.1064
9.9988
10.0562
10.162
9.6158
10.6383
10.2577
10.4012
10.5687
9.8363
10.4073
10.5214
11.6759
10.4193
11.8706
9.741
11.8706
10.4829
10.1962
9.9085
10.0476
11.9836
11.0219
10.6713
9.705
10.0389
10.4043
10.3797
10.7706
9.9085
10.8818
9.9427
10.2716
10.2073
10.1924
10.09
9.6614
9.6158
9.957
10.1464
10.9259
11.4917
12.8495
9.2686
10.466
10.2471
11.0104
11.1676
10.7255
10.1773
9.3588
10.0213
8.4338
10.0982
12.7222
10.24
11.5917
10.1887
12.4588
10.6782
11.2091
9.0825
11.6492
10.9937
11.2477
12.5375
9.873
9.9035
8.7948
12.0777
10.1425
12.1063
9.7813
9.7981
8.8679
9.6225
10.7277
10.1962
10.8138
10.4688
9.6928
11.7707
10.2471
12.3014
10.3353
11.3528
12.3775
10.3255
10.8357
10.3982
10.4012
10.389
9.568
9.488
9.5888
9.1695
9.3927
8.8818
10.24
10.1581
11.7699
10.6666
9.503
11.0381
9.1378
10.5187
8.6482
9.5396
11.0852
11.0944
9.787
10.732
10.0476
9.8037
