38.026635
409.44521
272.46339
98.674526
87.858008
79.839594
211.38774
99.328294
181.32278
103.85056
289.03848
60.220781
9.5492061
10.682739
219.67432
38.892433
19.737646
98.895285
31.915858
9.0454079
49.16489
207.92758
131.2097
427.45486
289.40575
74.21662
258.64396
75.516055
64.626811
98.6175
70.789787
28.359048
66.155011
34.918174
195.0996
350.66842
88.725827
27.228545
176.0963
466.02268
59.789591
150.04998
68.526648
248.71138
76.777245
126.25045
145.45021
461.75301
20.897903
31.534103
61.966965
30.257761
80.132211
84.883292
8.2431548
96.99216
105.47505
176.77242
3.1275702
13.272418
149.13845
6.2973895
229.05033
10.793705
452.61329
49.476954
13.668153
28.95411
35.002081
222.75701
5.8196732
7.8952314
221.30366
142.65093
125.18792
48.689146
23.39157
323.57304
71.584942
82.246394
21.052144
73.956697
56.40809
82.467402
30.530223
24.245563
65.586213
433.47996
89.612516
88.302912
180.01434
323.46286
9.8841716
64.569856
64.174814
140.05694
34.006384
250.11135
216.26351
151.4675
120.5633
92.233054
130.85264
63.134763
54.844365
28.723851
136.64498
26.218433
380.6715
359.49313
471.15715
33.734099
45.451213
144.97993
13.70365
58.215493
15.027741
129.51926
24.039012
49.129807
3.5370531
34.827706
107.03227
109.20147
27.069136
532.47813
23.681391
39.800239
13.37573
44.547959
118.17604
155.55991
252.2274
54.1581
345.0964
45.406192
108.94489
1.353892
122.84092
51.159104
489.39632
55.488291
18.379202
74.514173
101.10282
311.23802
8.2432044
24.874843
145.43105
306.70277
33.366183
374.87654
170.62708
47.024325
36.797987
47.654735
129.61184
65.283772
192.68201
319.96178
1.1595831
34.937909
18.88031
13.912793
13.633603
21.70079
347.3413
39.674732
198.6775
29.230486
100.50848
254.431
5.4169455
105.31262
10.774058
199.42454
72.62057
25.373388
37.292719
146.64556
59.29811
135.1212
51.873098
81.754983
3.3237982
106.96286
88.790947
81.350401
20.477799
25.211233
9.8648561
107.88221
61.54025
75.431553
20.873976
153.27391
188.22628
19.996583
2.8607111
6.4012958
1.6758571
93.671957
43.505064
195.65717
91.736729
86.448379
288.05376
89.963053
157.66267
.49176097
45.591087
174.61944
205.74754
59.325465
70.075856
118.24522
136.46639
189.5981
41.12841
1.7550623
92.987407
267.59813
30.44689
222.2664
155.03077
194.42533
209.96401
34.229297
154.26092
138.90956
137.91217
8.5719875
260.62639
2.5190947
137.53096
39.360197
89.67429
50.194065
1.2618734
86.47552
65.4441
238.58149
66.532748
153.55161
14.507594
30.316763
81.872363
63.300715
78.592959
22.333439
149.46011
12.169382
52.971706
79.686305
75.60362
1.6552509
52.242867
12.518
66.102154
23.553956
19.319499
81.400107
63.49256
142.11481
36.711946
80.444729
.57625592
2.2519311
59.810725
48.573973
7.3924876
74.35297
69.035761
66.481411
10.200647
21.414963
119.7616
58.808171
22.06755
19.389468
124.30214
262.45112
29.061718
3.9004049
1.1561306
59.721183
38.183554
7.0546758
144.8837
127.63794
21.791698
6.1490805
41.7148
143.16377
8.5354992
41.041082
149.38247
36.290342
34.259409
44.70496
211.43992
.70933259
14.462554
113.8537
50.900759
61.802368
26.427969
229.57038
38.187682
151.06571
104.13329
172.31824
1.9739265
241.72424
22.587226
228.84073
219.4074
16.721147
7.3681444
28.06608
95.938155
168.46991
151.08701
87.986941
15.304922
126.04561
16.705555
96.365583
244.32018
72.835206
142.84658
32.295054
85.17427
26.867242
26.872348
36.503455
27.331836
131.74347
36.206633
13.590201
217.0317
35.74534
116.94659
57.066337
161.48692
26.829754
90.468701
42.323956
3.8073721
44.807389
24.128963
121.44173
92.45057
81.584388
31.229973
17.692901
7.1875089
29.633573
1.6182201
65.5973
2.7190189
20.942058
31.422197
44.417258
377.98822
66.834347
83.970902
187.91495
104.17764
37.809286
117.16633
78.614947
193.69159
76.05396
42.472945
13.618789
134.75174
144.45849
84.308842
5.3638183
26.686285
83.487811
57.952625
66.070028
85.051787
59.427646
6.1364986
21.854313
90.933533
69.71653
21.954068
23.228929
59.113868
17.939173
107.15203
92.999009
47.632322
23.949555
63.22166
297.22113
118.97838
96.997909
43.287259
157.54042
103.5119
29.402276
78.634678
87.946402
2.8189316
131.92828
40.839503
36.05946
75.003756
32.32198
29.301262
48.352787
220.1099
205.86163
16.559925
75.745381
42.595257
73.888215
29.656221
10.731823
21.07713
3.7889345
58.768224
48.181087
70.230926
42.626616
74.800351
69.029339
7.5520465
40.001963
24.937166
33.973984
30.806994
13.984119
35.250404
207.96907
10.098131
39.289973
27.809012
106.95134
7.3780941
59.254242
282.67103
24.253126
6.6612597
218.67872
21.035909
157.58593
26.827496
10.765802
153.17627
116.86768
89.25646
40.483316
63.342185
139.77583
54.542134
32.659431
11.18909
131.7631
147.00858
254.51623
7.2111531
33.474971
7.0693817
68.280311
75.944026
1.8704449
57.248743
35.089336
139.91838
41.015307
24.294188
189.81145
19.102319
48.341499
9.1976984
15.543442
29.678502
62.623286
14.726918
61.356604
21.751682
191.18994
130.15304
3.7139106
119.0113
73.946868
116.33673
105.07765
33.481931
73.45968
97.508453
105.56221
4.5268674
38.255227
57.564906
7.3685523
97.281065
24.670145
21.719162
10.647889
13.994212
38.30729
227.93362
9.1773427
148.73019
22.00741
79.662308
71.669252
13.505724
12.700929
226.2145
11.752318
15.359645
58.718435
1.8503233
75.791047
64.102515
64.521683
6.2099062
.30201268
46.248696
41.290753
29.186767
18.725238
101.71559
35.245013
47.841074
145.31414
4.066409
144.13355
38.14443
73.406119
14.767374
53.78424
66.456853
60.497909
2.605973
248.02875
41.805031
48.760752
125.13109
124.9533
109.28381
101.49339
72.574945
44.689342
80.884024
150.36643
47.047396
63.070914
58.884231
96.50583
3.5068796
29.759586
38.778588
78.194813
39.36049
177.27784
57.748364
146.70028
39.896603
44.28372
59.059184
2.51401
164.70666
14.298194
72.242307
353.40143
205.82547
81.514224
15.176815
13.231825
251.6511
2.838974
59.89498
4.0708243
94.298479
100.04644
83.448984
36.54046
60.123085
16.763575
133.07043
165.19601
.27498758
58.754155
4.9533294
7.3929735
12.723066
41.971813
22.953781
137.96667
21.986198
76.527215
10.489734
17.498659
22.355938
148.81895
30.576363
56.826612
15.171768
25.054535
220.37638
146.43345
35.146342
150.51033
106.16067
7.8231598
125.3602
413.82876
117.62022
22.394955
30.851868
46.557126
92.848218
44.996585
38.331196
167.128
6.6832269
130.54111
113.03844
158.46002
131.44129
64.558227
171.21045
120.31878
77.829016
28.184549
144.43608
6.3644639
111.13716
79.525491
55.867105
97.727423
106.04756
62.028404
80.960685
91.135329
138.20322
214.58338
167.19534
13.961197
20.43248
26.346781
109.27744
8.5506988
196.21177
73.058741
162.97454
473.27412
45.93922
150.74277
106.42964
128.70928
132.00831
150.01515
44.962638
20.636891
65.842842
121.82596
320.39577
16.958597
71.810118
34.093999
124.38984
105.98222
125.70469
301.21395
88.260342
81.023996
36.328686
48.738311
181.63985
94.752249
194.04442
67.266313
65.662695
140.43313
183.80078
19.234554
12.110845
39.211701
9.1144507
155.41057
24.375049
80.362047
188.59902
209.63431
22.279825
50.274208
169.70912
3.0518863
86.785028
7.5299792
172.78228
40.784019
20.250376
4.7931108
104.63198
28.94943
128.99497
26.78403
96.818254
108.97432
29.093847
26.452944
31.769081
62.471262
38.071723
34.495418
13.652243
86.221536
176.6939
261.95182
201.81986
31.014651
7.4309505
5.1957489
4.0408553
145.30054
18.994746
41.166427
27.324121
5.7890549
57.333117
58.580388
32.282804
52.857038
29.684073
3.2881851
171.59612
169.83434
100.3292
136.82809
71.480303
14.857408
99.615427
2.9669991
35.299454
143.36567
53.7719
14.779042
4.0503902
9.3038044
77.706139
103.29827
11.696214
99.940688
5.0304841
11.167508
134.51689
9.0036017
82.233799
46.053654
9.4011381
47.301441
358.89323
38.69411
124.84241
12.78437
12.092634
70.285478
163.39337
119.13988
78.629829
31.490702
143.16748
.42706084
6.7225249
110.00165
14.577616
25.545622
24.947798
17.65751
14.705997
14.442906
121.19652
21.617836
71.220221
85.034576
10.239569
41.251263
139.63687
46.217458
193.78626
1.2773066
9.4198326
16.24016
4.578329
104.12443
10.110142
3.736846
272.1959
68.699199
212.0287
247.42564
91.850039
75.47427
40.415543
207.32958
36.527833
93.743424
55.226217
9.6568216
107.58711
47.588607
400.4548
32.734342
106.27392
214.20071
16.521388
161.27747
107.42349
4.4839354
67.89878
1.3288797
332.55115
252.94251
129.03079
38.593606
3.0822432
31.224845
39.765077
96.007735
89.224605
21.894625
339.94557
.57471418
12.124183
25.668088
62.750927
46.15592
77.002952
126.83484
17.715242
196.4157
73.577801
22.656088
72.664527
217.09246
34.928489
3.6712943
62.277063
10.228433
34.087376
166.0927
61.052308
47.446154
2.9837728
132.00454
71.229011
8.4233614
48.037603
70.995874
61.115405
111.07082
237.82351
17.44503
5.6387666
90.751217
129.27682
84.163612
83.47589
136.79122
114.747
33.930823
77.826199
125.79904
105.31451
56.425696
144.80567
17.35697
53.669244
12.796145
56.125197
7.4929653
.70860672
9.4789332
130.65145
19.569404
.45884812
16.158821
70.825587
66.125285
188.9082
27.032036
58.26638
113.53979
65.217291
272.82283
35.696398
34.47076
22.149409
42.145627
187.26691
142.41454
124.22568
42.583446
17.956284
6.0558357
11.221486
226.44832
62.916224
160.31825
19.460545
17.822245
89.795536
.54014564
43.941831
118.18229
9.8040584
38.017817
135.77733
93.94278
3.3351053
51.22705
180.22135
68.098615
192.80772
6.2622273
133.36927
35.869553
186.06141
76.135059
74.421998
139.7816
156.66768
28.431278
37.116104
13.975189
44.249263
59.697912
88.929635
37.159421
4.5937877
33.550187
60.302057
106.97116
19.605697
231.67532
88.566182
156.79928
94.29069
17.123192
1.1739836
45.631637
12.429725
72.526153
166.12613
83.308413
89.799274
203.00985
46.335838
61.650972
127.53353
155.94478
200.17305
285.62659
11.368691
6.2301526
87.432272
151.15268
92.889084
29.759753
28.157016
16.329737
40.599982
227.36393
237.6727
126.51926
18.348142
12.52945
137.28442
115.10167
10.567202
14.323937
27.189141
122.33675
1.7440153
29.525247
62.383631
49.472547
50.746714
117.70667
140.34786
241.63439
69.293115
154.05533
206.79039
198.05352
56.845035
220.23157
18.30227
96.920816
241.41701
40.813417
25.093879
104.91416
17.534222
7.0384275
17.197387
2.6220746
40.093745
12.840087
69.956555
94.231077
354.47726
27.16789
42.217709
57.601846
145.44646
52.171329
71.691156
26.716687
40.938712
14.598377
60.740057
60.772571
39.641662
194.63482
30.666888
118.21743
43.672094
21.05714
46.781191
125.99727
154.13268
260.39846
147.30148
75.012314
54.763281
7.1875246
2.4427193
25.842504
74.484999
38.169114
41.666785
48.85373
110.18574
16.306457
22.629039
123.76802
3.6671373
9.0253856
154.59978
30.036118
7.4545248
90.164842
58.006837
1.7420585
70.011852
90.794909
415.67503
90.050601
2.467954
37.531776
38.63407
43.063134
.4006269
32.902335
85.981111
13.735237
88.357974
413.08536
83.498674
75.841602
19.707365
93.751714
8.7950879
16.993873
98.261118
4.5441843
99.838261
24.132357
178.3484
15.577761
3.5390091
135.53533
1.5755783
36.164189
155.07944
23.893585
7.1890731
3.7767293
87.161044
124.1587
31.536826
142.3599
121.53745
51.475746
22.207871
4.8946509
95.190242
131.58755
34.078587
65.909341
14.547993
95.745658
113.1516
8.601126
61.730353
41.329237
85.317215
3.6476039
65.767094
138.57647
15.09728
61.458881
7.1291003
22.810278
97.4124
8.4262627
54.023721
15.679966
88.494372
62.966659
28.26832
10.202924
9.293403
35.045571
105.09988
126.15126
.11198771
21.460144
154.87996
48.039681
10.221518
59.559978
68.092809
291.02891
13.861213
11.491905
29.745501
65.36052
81.853839
125.96941
85.436473
163.45254
103.54119
.87604761
42.546437
120.25723
217.36254
156.53578
102.55364
53.323033
132.85848
138.64017
73.241869
64.015086
34.929396
22.027188
56.674011
1.9031502
95.639412
53.173167
127.2859
92.943972
50.332324
15.532822
45.518294
174.92845
34.58493
7.2875583
4.5015471
28.552764
14.112563
4.155507
5.6968546
125.98631
150.4984
11.47047
48.74707
404.20111
79.207531
149.77595
48.377111
101.1519
90.898687
97.204815
4.5816952
112.12493
11.762964
95.730805
52.018926
2.8310921
20.76557
227.16441
36.543644
19.66708
37.381589
95.957823
9.3826156
1.5851885
46.496456
286.63272
136.19619
76.934208
24.225212
93.28919
17.390263
1.2589111
73.718618
146.9337
31.073503
2.4327767
6.1569879
53.79173
150.39248
179.41804
37.683533
70.071411
204.00852
74.713722
60.704383
62.850954
10.788366
45.399537
99.146614
18.871717
25.551739
222.83611
84.551076
218.1764
162.29678
89.687004
145.46154
118.43015
280.26174
.6214236
59.29255
397.7442
20.865144
340.15208
28.512658
59.318942
119.28887
227.51346
53.109577
6.9960777
54.906125
398.16686
38.875948
27.442224
157.86815
19.60765
65.527179
91.926942
48.881944
51.653354
79.238439
69.603934
22.564002
92.74789
61.871341
207.13756
62.316011
107.55198
71.142667
27.571657
100.43375
27.949031
16.279716
3.499162
102.086
6.9900898
106.38055
88.537872
136.89681
180.63937
94.606761
26.532348
53.705728
52.22223
27.975743
20.01626
95.068604
65.334779
163.95848
76.783966
24.03279
1.3986232
83.701055
43.294029
5.0836201
63.158136
34.924982
41.998977
79.351665
39.999287
123.60299
17.189143
78.024931
26.017046
14.020821
55.399128
44.019372
113.06837
31.252853
23.498055
22.546684
106.79763
22.092868
128.32666
42.779007
12.295511
141.25588
55.381789
142.1679
193.10486
121.20819
17.333556
143.22025
14.666595
20.399309
1.842994
202.98265
346.71166
78.528664
229.54624
14.958858
152.24355
3.9571462
214.74971
78.521576
78.233672
41.103958
87.58062
5.4199624
7.6576153
4.7225631
55.937256
87.663906
269.85481
119.89179
114.04779
7.2454244
89.906247
69.379213
100.13858
8.2349455
27.915769
36.578792
53.061994
78.309665
117.65999
.31815827
144.09557
71.128658
167.70197
125.83631
142.57319
23.711855
10.097537
124.705
222.73657
45.978261
21.375534
192.48724
56.249853
168.42253
259.09548
7.8309019
125.68589
3.7956458
108.67555
30.773499
37.005509
4.6612955
66.421497
69.972436
39.544912
12.532393
4.268932
35.06256
103.39471
3.8915834
91.051417
47.589178
117.08129
20.573527
179.74923
67.881874
326.49223
39.348014
38.257446
57.530815
30.49621
43.138039
32.763973
116.99653
65.217885
12.818717
24.773789
8.4190379
97.960434
49.666644
152.66369
7.0298855
20.817466
7.9223907
13.29116
126.85625
10.513975
14.551039
32.722863
50.582602
220.07132
32.747375
21.190023
110.6024
25.827283
80.502952
50.108467
96.324891
29.849734
4.4414866
72.942843
139.79505
196.10048
336.95398
13.310135
64.672114
6.7059222
67.130755
46.402575
109.70662
28.803624
86.015283
64.790194
40.515122
95.256506
57.70311
70.64914
29.25027
11.412454
29.27139
6.2416656
17.851907
244.34873
99.448965
6.9798412
68.612126
33.176446
130.66043
140.10116
229.84136
155.49176
56.146696
158.72673
14.763602
98.723703
52.885337
1.3252766
2.1685641
224.13541
32.210961
29.103059
60.793782
258.55682
166.71682
26.384231
42.877949
384.93793
13.265256
57.878448
136.44266
92.911065
94.76276
73.44724
6.7255208
45.120632
20.98403
7.5653613
100.68855
215.27355
199.50833
46.204273
21.816331
155.33132
23.115936
194.62996
43.316894
110.96177
50.850793
185.82276
103.65261
156.71633
84.5951
164.64938
45.54212
36.583866
7.6314321
46.696267
1.2386152
32.321045
28.36898
59.123536
54.409546
42.881672
56.297714
46.262329
42.818607
56.45921
41.014397
63.613173
164.11266
123.45576
35.89577
.6636976
58.992198
56.324129
25.768129
288.19902
23.966753
153.94875
141.55305
67.847643
61.888434
3.419733
47.322718
24.610626
44.697081
146.74263
27.847164
25.990058
15.974865
47.563633
84.852876
27.728156
203.34485
81.068577
52.396434
249.81972
10.876369
111.56698
22.980637
132.38228
70.264915
215.7062
14.337323
174.86073
104.15476
137.1276
43.13077
86.434743
4.5970906
113.8802
145.56188
6.4723687
37.261533
41.083836
211.81198
34.274951
86.287294
177.45596
34.080036
74.641559
33.312451
20.392948
18.297414
15.600303
25.023161
62.20205
11.428488
42.474065
15.674371
133.8327
22.072033
91.516433
4.8338166
62.96635
10.820372
110.65975
86.257577
10.528723
13.228301
113.56603
1.2007811
77.289892
119.98295
38.678097
101.73989
.57226598
60.194376
81.246866
40.535325
19.656315
72.305283
94.00935
165.28056
49.012691
115.05283
43.228567
151.91253
197.22899
7.7341909
1.2231352
59.408318
15.840171
18.833809
108.66445
55.116802
92.617084
24.189608
6.050769
44.072708
79.187695
58.52215
37.24258
14.281811
31.011559
16.183482
5.1179569
91.93926
166.38465
39.302492
60.731838
79.855691
153.96062
196.09283
23.54236
82.064766
117.96906
40.694932
85.242828
8.811564
11.983666
50.926825
7.7122492
39.337088
38.88973
9.3467484
13.536128
25.736912
281.5477
163.60658
149.03562
301.03021
292.3477
73.814439
68.248328
127.11018
32.738155
144.75748
115.0938
4.0327014
28.202719
2.5370274
196.63901
169.5687
152.12907
284.23765
207.43834
23.411969
4.3083432
70.109187
45.10855
92.274559
149.56599
72.722397
45.172297
9.1468543
97.396828
42.098979
118.65303
6.7283516
197.66166
15.403795
144.91103
54.454507
68.446893
74.089737
14.790668
28.024998
199.36743
45.032347
77.075553
44.088042
8.4651858
124.39098
85.901509
207.19864
40.071091
15.695185
41.644509
10.570095
199.5058
197.95681
9.8536005
65.414165
418.29123
8.953325
54.935291
189.77235
11.078312
7.308008
180.39368
107.91256
8.3099701
32.586474
22.212039
36.189233
17.548177
34.958336
74.17346
358.30579
102.13011
14.819665
151.96551
43.012347
4.8132006
189.38094
73.575624
196.60362
.86169004
95.874054
178.10994
7.3507206
101.43031
7.4971673
222.81736
24.891114
138.59538
99.964985
190.81782
123.59594
53.187095
66.481363
7.2968774
72.725452
9.6597048
20.142936
25.34971
54.760128
2.6991929
32.183903
58.781147
69.210032
15.882671
163.58944
8.0721908
205.00154
218.78244
58.862166
19.25055
113.51026
100.21695
12.383978
9.3730409
175.45295
184.2323
23.409059
19.993014
13.565022
125.86957
21.639913
6.3207381
24.533574
78.351267
73.856165
6.0753897
81.054086
59.667256
58.407965
2.8151292
37.460228
52.74356
62.061572
133.36334
82.982114
59.689305
1.6521633
83.76654
28.799137
45.279954
244.67966
101.92572
36.502985
30.563694
12.720609
83.141333
2.3245696
80.980978
156.57475
44.542679
.64177799
95.290671
207.09829
20.45191
26.844035
36.328581
42.440901
67.837606
55.806961
77.358039
408.08748
4.5857496
50.241631
20.519104
57.381137
65.451377
120.58802
135.87683
53.492188
150.99965
101.77278
9.62921
70.352614
103.71619
48.940106
13.674122
54.629636
45.018747
100.5475
43.353682
21.763758
5.8875505
16.246725
44.713359
2.4580531
104.70291
77.545621
184.4273
110.4832
1.914061
1.2412806
109.59993
40.270195
8.00308
94.875053
119.45173
477.53933
36.029672
22.165407
141.15709
56.202992
22.258512
60.292892
130.37418
134.08889
32.271739
229.40784
53.215755
41.502461
38.939671
44.568655
21.935604
98.018794
2.5758606
28.919865
49.961061
85.542115
34.819777
66.117036
30.652857
203.96244
139.64076
116.57031
216.761
170.96477
27.786345
79.212268
104.10263
132.05051
10.19299
3.6861987
29.160109
59.809049
35.247394
249.1258
68.757866
78.662505
25.327611
25.116429
44.045246
28.521573
48.529644
38.036149
127.39837
100.65321
151.51985
90.183659
23.447006
15.393896
344.47887
116.43104
72.891922
76.077416
179.80782
67.602211
137.71336
271.16147
300.72841
224.5172
49.641959
35.483177
62.394812
254.73002
27.868995
94.516819
98.425608
37.711861
9.1136464
6.2427381
38.847402
32.289912
137.51625
20.720394
17.869828
51.329975
156.94073
61.124119
28.187349
109.78465
21.608592
55.550211
729.13513
61.482294
65.22951
72.936352
28.485541
28.079078
9.1012548
90.647003
118.12876
.36957455
49.988832
63.916861
36.562979
49.273719
79.288427
27.507064
200.02418
43.169065
109.06955
7.4854437
46.517913
275.45704
32.938838
187.41656
79.354363
32.313923
44.166711
6.7876346
16.553382
78.81951
2.7565796
82.734088
12.399741
226.45595
86.279895
9.2649219
68.635804
7.2200729
100.6945
109.85785
358.51617
150.08915
2.9449916
139.39029
6.1293896
46.342127
54.528387
3.2256541
57.384828
96.509495
210.65962
44.811062
11.574222
204.83337
64.926436
3.4655803
18.056023
22.938992
2.9328235
79.031445
28.717589
86.800505
66.513186
28.199404
5.4088541
32.151003
105.79997
198.92443
95.580159
39.771026
63.29878
39.523071
176.8659
108.03004
115.70112
46.330955
7.0589992
83.134231
37.66445
70.919403
35.098397
22.133695
26.603574
53.136244
78.124877
102.75895
17.547818
92.249524
107.82206
113.79558
54.264322
125.72622
18.647916
40.990206
74.56486
211.24393
12.112983
5.0717747
133.76899
1.4486654
92.330515
22.040621
12.606811
35.608683
179.16787
47.772241
81.441258
132.17918
249.45346
31.328812
8.4090682
60.863089
24.029637
.16996551
142.19926
21.867645
13.72563
40.796727
74.497133
19.494565
119.17529
48.235493
110.84891
3.2311304
92.667773
26.23026
16.333834
9.2477413
30.074413
30.573994
99.064526
15.87742
38.892752
173.19977
115.6239
62.878103
2.0851182
105.36112
122.74497
225.32421
13.653287
21.661316
373.63937
20.099185
131.23265
9.4168551
49.656614
75.817178
10.068204
139.06753
93.289711
158.22436
2.1437492
7.4471041
5.7288114
32.755589
153.81509
291.91456
3.8218578
26.722127
49.817745
23.505584
150.93425
161.35569
17.689926
72.718255
46.87859
58.926148
3.4844342
201.86228
38.1971
21.199943
258.35352
19.61316
52.996868
55.801553
32.901698
34.126811
243.15377
25.863613
125.70797
121.44189
27.333131
18.595794
72.037753
78.197041
53.808677
102.60058
12.711337
264.15197
155.71757
33.596912
.5683018
54.257114
32.638781
17.807133
6.6112605
11.957327
15.408814
42.550309
91.713925
84.483437
86.834177
55.909198
255.75155
152.0789
41.243746
43.330638
51.281595
20.585927
79.519529
33.390898
163.27651
3.9164603
68.01024
5.0730147
47.633871
61.32323
40.78616
66.975748
200.75789
6.0209526
123.1883
41.156692
109.98683
207.14019
292.2839
25.140271
51.490606
13.275465
66.815887
90.882853
135.36049
277.192
7.0939233
169.66892
256.87629
31.64806
41.266814
158.51152
260.47175
274.35989
38.321889
26.461679
246.97954
99.2478
5.8041501
72.17897
59.754408
180.47994
71.97745
63.95056
12.05369
89.265579
62.165374
28.456378
33.381216
54.933884
239.03149
40.547065
30.696514
34.426206
42.721317
204.71964
369.85785
101.54925
64.697851
83.557702
119.65673
24.144918
50.912888
58.330384
109.04381
15.628031
15.068637
82.447047
31.285542
41.375452
84.111735
166.55756
71.666407
190.0136
97.905303
14.99451
47.550991
39.960017
270.62921
168.4947
4.466397
101.7
113.60838
19.747356
19.556027
19.546504
76.753855
41.859941
85.344486
17.69532
4.1471562
95.182755
45.746537
75.739195
5.2644713
43.570364
19.413787
39.823496
77.189901
52.493332
73.686878
155.49192
26.939378
15.540338
89.112727
145.37183
40.859839
26.381285
29.401593
56.243111
23.343838
84.74554
85.544547
249.61381
126.49795
39.34575
33.818219
78.163545
18.172816
108.44223
3.8119954
236.91527
160.67948
2.8663521
37.310603
12.041867
24.150616
99.911256
48.922044
60.729985
58.683888
48.487065
41.005737
20.66089
46.772809
124.90613
150.75044
11.640732
153.19173
66.544098
.8274529
72.825736
10.385128
1.8309461
87.851394
24.063906
91.231472
25.170767
90.583996
48.26614
260.89219
64.683186
89.607768
12.806363
47.634112
10.721163
86.446171
130.74522
16.131992
40.103317
140.89688
141.82769
62.4546
22.15204
32.988607
165.08274
94.605663
75.884082
.25821722
63.05953
15.191847
126.27844
214.87921
28.252203
10.36782
37.464733
199.66338
33.807111
5.192129
90.298303
13.960283
50.840314
3.8233811
138.53794
245.88237
4.6923716
16.821663
17.269077
114.79125
72.210485
2.6608368
38.307509
9.209856
8.1619167
23.58188
65.563705
26.15284
62.872521
137.89243
3.5464916
17.634003
42.218511
48.475055
8.1764172
11.918623
197.73787
29.399006
27.057133
37.939698
32.656199
58.387909
44.958404
25.041279
54.86869
15.361196
95.319766
19.5814
98.937535
10.299093
192.94161
75.906546
2.1231745
60.545017
131.18939
23.779121
162.21804
13.513128
136.46334
.12647867
23.032778
101.73612
74.958196
26.381856
1.9278308
1.656773
59.486936
123.43217
176.83246
17.037452
141.38201
33.215795
32.020446
45.065307
21.593583
26.861367
157.44972
121.64551
352.37907
95.518495
3.7532976
118.4941
54.115702
91.666669
232.53563
43.435174
150.7688
38.506911
77.994121
180.1398
251.83857
141.81862
96.504417
87.632307
139.88708
8.4044312
98.676519
84.207551
23.331944
45.630038
73.486375
172.85994
8.221465
10.102658
117.26308
12.747003
150.70634
6.4163082
32.624365
45.077531
529.5283
1.9326687
40.546804
2.810501
17.670314
7.1675029
21.764856
7.505354
19.061885
46.048422
3.9100024
152.3909
34.754605
21.953795
5.3461528
37.617969
33.677476
40.151401
2.0640703
65.63869
172.44189
21.736818
36.903882
114.20749
128.92943
55.265821
60.30046
135.61301
108.26767
70.601347
35.535068
187.51673
79.496427
69.400592
16.110417
14.593987
48.271453
3.8349004
174.61169
96.688498
350.68103
26.952401
151.56099
137.52628
240.52803
102.03378
6.6963636
24.242866
42.507471
64.351819
142.9817
112.67132
77.351533
.56074238
11.1549
45.931002
23.929721
233.22682
7.7279599
85.763364
147.2423
95.645532
48.753762
220.38962
54.406436
4.0171725
52.936166
70.214113
82.411805
80.233537
17.19627
43.386662
138.34005
16.268098
94.901215
104.08867
117.5932
18.997929
47.641445
88.210187
37.11703
148.26054
53.243387
5.243235
83.376653
46.088678
155.15314
70.81317
122.96963
31.588954
44.132783
1.5238165
65.530058
33.894386
126.26899
33.650713
26.265384
80.082825
3.9639
28.041891
49.381239
86.770156
101.34453
70.201115
26.326776
162.70616
29.631604
55.750629
68.048594
92.359353
16.960335
48.352134
109.27043
124.11445
5.2886422
3.5231011
177.71928
10.761074
42.795637
101.71945
28.931782
50.023428
22.99362
22.956906
68.50849
59.083794
4.9558449
2.623703
173.44563
44.73937
19.366182
18.847198
139.95362
35.752695
68.703374
68.48748
12.270604
24.09815
101.60321
39.482202
146.71647
122.66768
93.361599
64.743155
42.571817
14.837243
9.0701042
118.31799
35.552472
95.434975
21.240991
6.8701963
33.749844
57.616439
25.571058
16.298949
252.24913
79.974201
62.628149
23.466399
34.845989
77.665562
133.10787
313.13587
52.179461
14.548522
67.64634
15.980226
2.9300207
77.852365
30.606304
7.5804636
131.52702
111.68642
192.02247
77.696129
126.42172
44.585091
298.63881
25.239153
150.42922
179.59001
263.82369
36.879835
105.24114
89.91292
202.93463
4.9489459
119.99617
209.67474
45.638986
33.776701
91.568192
.3196038
32.489399
52.545121
71.927391
103.71105
16.076754
26.548526
21.379367
90.72476
414.87382
112.7631
51.039717
19.127754
16.309628
28.66743
40.581486
30.218859
132.88979
153.66916
79.714815
82.794013
15.357855
85.889407
91.841586
10.465109
191.15482
23.410922
26.826298
39.949593
8.9843984
84.638994
117.52778
258.17806
313.76943
134.82125
116.38627
13.8017
53.033138
23.304955
251.39962
59.66951
81.154795
76.942138
25.017862
69.417432
170.37159
107.84323
127.02024
30.65414
52.79469
88.5087
6.7562224
70.804755
21.195536
149.01461
96.637911
321.14341
81.033805
7.2395775
78.924421
55.1183
5.076407
3.3442327
199.14136
43.471254
92.19879
90.230394
40.82063
11.88844
162.0701
46.526368
14.741096
21.68122
2.2634417
6.0868676
497.71415
140.69977
69.415813
142.87279
186.52207
1.877537
83.951133
19.496779
55.180048
158.46043
31.494545
163.92963
52.74152
18.895319
419.47581
11.780121
1.4514223
35.468067
92.906243
80.781115
160.63963
64.014867
124.22053
164.18437
78.708064
29.489608
32.458893
18.048647
14.480947
93.350334
54.728695
17.69486
23.463343
80.876246
48.982663
8.0223362
.6936717
25.532208
39.598441
5.226846
23.663112
37.658829
74.723276
50.336555
32.412499
65.846586
2.4369482
122.14283
101.32416
12.271978
19.338298
65.39339
127.88164
45.248756
43.116389
119.68023
156.95295
7.1740667
4.3970053
178.10115
118.72865
120.66674
36.407718
275.91838
74.64418
16.662076
17.274263
130.44798
281.5646
50.300821
44.860429
118.32024
173.8761
32.405935
136.94693
92.604485
74.008445
73.493949
35.090729
160.63081
103.86719
39.735692
138.1555
17.782515
11.454337
202.45395
79.257582
99.166961
26.721787
42.591185
181.09266
125.80519
165.06973
180.58233
9.1464419
31.637898
179.24307
13.512299
78.034773
39.334109
103.26728
214.89982
10.730451
130.81859
14.079299
49.857378
41.715779
45.691195
138.16203
42.259029
95.141174
66.629391
11.705662
56.504797
62.085404
51.84303
4.8814534
41.945402
44.0504
62.908869
98.878595
66.793056
44.937588
59.164977
21.08569
110.04224
38.283684
47.208729
65.74125
184.37246
98.739976
26.161073
185.81499
215.93786
13.562164
135.85944
134.94193
216.81378
76.601301
185.53202
60.808143
52.715459
30.211397
8.2057139
26.04321
45.758524
19.093958
13.687865
141.43514
12.583092
52.234518
91.721099
42.451086
13.699874
4.3663864
107.18991
169.24126
24.411889
131.54485
16.50086
45.530758
211.43243
33.26151
209.3467
84.729292
61.559867
210.10791
17.015302
36.895201
126.559
35.940182
69.486334
79.351067
4.823958
154.03395
76.967922
119.20558
14.303776
201.87246
159.77379
9.1719939
35.240617
123.10459
65.744154
12.193749
5.3916386
72.620586
117.24934
51.718203
233.08719
3.190801
22.035486
117.05332
140.10089
5.1024498
21.487281
125.525
57.661543
366.20592
50.580451
7.0552909
1.0696653
144.9061
185.18224
75.700507
346.15932
128.7454
93.994341
67.445793
267.08192
111.85408
58.941364
45.96384
1.5753797
33.336986
206.08035
102.12664
10.724602
50.002823
35.039148
111.00952
100.18507
34.006346
15.587044
16.387075
22.781565
12.150081
71.36993
39.237071
120.28613
365.96042
18.544216
5.6310126
141.61088
114.09603
25.644457
193.01135
250.68862
64.997691
38.037176
12.65785
346.09849
90.830951
37.367575
39.632168
23.993903
133.33572
27.044643
19.294253
50.037321
4.7810001
35.792281
69.459394
75.714504
52.091645
29.932264
83.690719
102.0995
42.172127
149.07636
.45379817
27.540751
88.753461
51.491907
225.26009
80.483281
27.367612
.25151777
22.746711
177.26978
148.64385
78.549559
102.41772
26.633505
75.294898
21.290265
102.09923
4.4302244
81.663867
18.793125
302.70304
21.867789
6.0172657
13.415957
129.40356
23.305802
106.58177
12.521135
16.64689
13.234469
62.910879
14.430923
33.023612
97.0022
292.41023
112.11614
11.809825
66.884982
4.3209845
40.380196
171.15204
24.580365
68.360346
28.996602
44.025055
61.162663
17.319498
11.84294
213.78048
379.27631
51.51179
15.581595
9.9796892
55.260137
85.247565
27.702822
79.836646
78.597305
18.785817
103.73476
281.67654
60.076683
24.704566
13.760443
355.56404
21.915071
1.1325535
31.045437
41.107806
27.959119
152.25324
20.696648
19.84256
16.359433
64.713413
21.655689
81.659031
151.22085
44.63202
116.98376
59.451533
19.399502
66.528962
295.53294
66.297685
284.5339
21.862556
6.3496746
18.861846
22.469963
65.370325
33.047425
32.52663
128.06422
131.71088
30.749138
36.055604
90.327851
23.374604
13.955427
113.2547
49.296263
330.98463
106.18763
33.368261
16.429769
35.871916
39.243404
35.61623
145.64157
28.702115
13.401521
16.534793
33.808695
206.53414
88.211934
9.0704517
116.11372
20.129326
76.409299
6.7419797
9.2959633
37.234344
6.1023655
242.35987
312.84217
51.506379
22.772066
33.923076
5.4632281
35.030585
140.37659
20.104937
41.46672
39.245843
130.6605
91.389102
4.2694161
21.054513
155.19304
106.91237
25.716037
4.7486193
8.4922872
162.7919
47.299834
124.25167
14.349848
117.23481
51.91419
77.505118
13.161775
67.19108
29.16259
6.7766664
96.706511
6.2979683
3.5850227
23.75947
69.439241
51.695252
165.27409
36.831075
13.205415
28.348654
44.858642
12.103407
24.026084
7.4898185
21.389238
82.098676
62.519061
27.944602
197.5951
169.16339
127.5888
34.86968
32.155264
9.1511917
2.811762
3.0838902
87.459656
8.0349579
40.002675
21.205653
27.296075
8.8901001
11.274051
26.068867
171.26806
92.495711
36.52166
13.681287
69.56775
25.886091
60.793182
10.389952
180.30041
102.8367
21.79089
24.115227
89.633087
145.57026
35.457447
20.359408
23.936246
44.313909
84.194003
116.40292
38.18106
54.780661
308.26104
65.191487
62.191135
69.320218
201.71063
332.00508
2.6859413
117.21152
127.0393
101.79968
64.994939
15.709518
98.746042
56.040343
90.254207
94.182981
13.35609
217.53849
116.06017
79.415755
103.09812
82.991975
210.15104
41.078071
172.31565
8.3445567
20.974172
32.084549
37.939365
2.814518
25.417628
39.421891
103.6411
274.65593
56.474937
187.82797
32.31591
121.44711
188.40208
83.156945
40.899753
232.40305
178.09276
8.9857688
154.401
61.302145
447.28966
119.20157
17.578877
3.0335133
93.545356
58.91006
16.293064
74.849204
169.15154
94.831114
13.388209
49.443806
19.594763
294.01546
8.961069
315.16707
49.071651
.25361717
.2310884
46.467088
32.184673
90.783767
77.050974
19.834963
20.927523
156.30274
184.34221
16.120689
79.389872
33.47586
78.192775
12.732188
46.124723
91.685567
29.939116
43.532201
.53499651
12.777278
108.63067
143.91853
77.724453
11.261785
6.8190603
43.808061
5.2124164
36.23868
89.943666
20.658896
58.009018
87.572476
12.447254
303.19965
16.393892
66.868838
141.01776
54.877815
286.37852
103.11342
153.93466
53.215795
39.386572
36.614869
56.549681
41.769303
1.677222
96.04925
53.033294
30.437627
3.9917892
5.2327447
21.244613
158.35176
134.67989
18.469652
104.89458
53.003773
134.42109
54.745256
230.89962
163.59999
512.42617
19.093217
67.985563
6.1704556
78.052734
.36171663
72.763989
97.022322
12.974692
21.279466
35.459637
84.713812
173.87554
23.903718
14.422749
8.3799374
46.171462
7.2453094
17.156656
21.305561
296.65769
96.748321
78.479383
90.474641
24.888362
26.73365
83.924265
30.121542
23.90025
42.705534
5.155161
95.620521
12.969054
26.206192
48.93997
88.927722
146.63986
75.357903
9.7176303
21.050449
36.599156
3.9729259
101.85752
3.4671872
34.076874
199.18898
125.24946
3.0789027
40.168439
253.55301
141.74868
28.943905
50.988979
126.11426
17.374494
77.546578
295.12458
55.553352
30.017603
36.631675
355.02722
4.0312951
33.831252
7.0398479
54.546423
22.983032
163.39959
42.765918
7.0476722
97.020365
91.136374
10.700345
26.950802
89.617169
24.844857
51.361406
9.2418427
261.13705
7.6935645
116.64921
14.227867
183.56551
83.144986
68.346258
20.087918
14.976207
81.466547
53.757518
8.7567818
179.46035
101.19007
33.366981
23.540706
17.993912
59.613063
44.438735
231.00921
100.2214
122.84083
27.432036
10.269314
75.313865
25.433614
13.879053
.62413359
73.033724
72.280172
149.51814
118.06086
128.21431
31.869856
46.645627
99.354371
4.5758868
16.939016
71.070275
78.523205
43.125597
57.648269
28.269976
285.99307
255.20442
134.60705
99.502697
51.952103
24.948342
70.634237
26.40744
44.722161
28.198865
23.461928
275.13165
56.936939
106.17255
81.46279
37.232835
48.139546
23.883324
124.11453
46.756769
25.400326
34.808977
159.02035
81.762756
233.14438
177.95893
10.73776
110.22625
130.7904
202.21598
72.58257
25.108991
62.877237
31.340345
258.86839
115.81084
1.795109
14.698194
18.162611
230.03482
20.281961
15.926719
15.396835
50.716165
257.83457
452.28553
235.54226
7.2121545
6.5195916
4.9552758
121.07098
44.074977
36.728233
109.77887
31.985168
45.879849
85.965129
20.849913
21.106559
185.6669
173.6707
17.008144
19.9182
67.756739
86.688918
221.00294
187.81654
24.233394
22.112795
40.990142
49.52248
204.55351
41.991019
189.16628
65.371315
150.87448
37.221998
75.121392
23.964274
3.4238515
177.29059
37.530018
78.936221
27.728163
43.562781
56.221629
47.738081
43.342477
29.444574
160.87833
50.946107
10.541635
159.01167
70.972657
258.83272
17.17449
126.15403
.40757942
6.9176224
24.794321
60.092575
120.54352
96.156968
193.66331
188.96394
40.881422
117.57748
6.442487
80.117583
28.705279
83.791481
42.925693
39.452281
128.46071
174.23676
5.6815476
9.1620529
63.671007
35.904223
31.975162
86.933714
170.23856
31.676099
27.967334
35.816671
31.733688
68.269914
8.5013855
63.885067
1.1444989
109.90351
18.951946
62.695593
187.2529
61.977197
42.213243
138.12157
17.247988
37.006065
178.69121
155.00602
23.065076
1.3827336
53.170438
142.36163
38.314495
16.202938
168.24476
.30064237
82.537302
7.5910739
5.6335645
42.691995
2.2284369
97.619998
45.691945
17.219701
85.487119
75.288698
22.01757
104.55823
10.091854
51.516939
53.430378
442.16499
137.20918
90.379521
46.373339
98.442521
32.234862
247.34322
26.237336
2.2101241
5.2517639
101.08808
189.18255
71.977734
69.809088
358.07596
42.170187
92.751145
3.6555575
24.320296
115.50634
172.2677
41.198293
85.318983
99.529564
133.82823
81.916913
60.044562
86.671588
118.72426
128.98356
151.43116
89.41099
434.46695
36.27463
360.62855
247.47125
142.95691
229.22581
106.32756
156.22805
15.200476
57.397591
608.59949
136.49408
85.417951
76.941017
28.041023
96.631609
56.526754
28.648563
132.40603
3.592023
80.215004
55.829038
49.488758
7.1383281
39.163182
143.47122
83.058646
19.194169
28.762688
27.533573
34.737681
88.343435
14.990827
28.421413
130.03819
109.40315
41.316305
72.602522
1.1775459
113.84867
22.332594
12.337972
100.86491
51.348171
53.530994
93.088554
3.4644847
41.432052
10.197274
78.85955
161.859
7.8829447
70.129513
37.701567
33.03811
81.761434
145.31137
22.391861
53.654531
11.682507
9.2154138
115.22485
141.50179
79.954684
157.18648
139.92401
30.905609
49.102023
6.4281645
34.094937
31.575952
32.502888
96.007785
1.9519813
7.1304202
20.935853
156.09729
16.603458
43.800596
7.6607493
28.332758
53.517146
38.787029
34.355608
74.690367
146.47464
119.99036
29.864518
77.194629
78.575604
175.68227
135.91321
19.719262
97.702247
194.58077
14.897323
12.746951
3.2490522
16.144171
2.67707
23.170181
24.112686
38.216576
97.209578
36.565389
81.865082
54.724383
96.712217
161.92091
187.09559
20.8033
66.480447
100.12013
63.337165
23.405647
173.10915
29.558754
39.23715
10.425744
156.64848
.40414488
18.10667
117.19161
139.51185
63.43465
10.012077
106.02681
24.36552
76.726843
19.142951
165.93665
1.4311534
53.386887
94.910216
56.595728
13.915841
28.637733
10.126409
131.13941
125.54651
22.528931
83.412711
16.045695
34.045689
10.291225
25.26781
23.381957
2.1356285
132.06724
28.421798
23.368652
27.657364
155.98163
401.64585
180.36212
34.957951
38.511295
70.449855
36.203692
94.906658
76.485602
188.86127
17.470105
61.554211
90.472574
94.163455
61.650581
117.01493
30.429751
16.116372
51.834374
137.31898
619.88719
171.48538
17.672557
281.5481
30.419314
279.73886
124.61692
215.30583
67.011253
13.917313
159.10217
6.3952978
9.1921088
79.632969
95.518789
80.113212
213.76677
400.88065
63.556786
1.5367612
19.952977
4.4589834
19.055498
36.131913
166.46494
28.706435
214.10056
83.642657
43.119309
60.078086
18.667023
161.04734
32.485801
6.5351584
38.690336
242.87735
42.512711
42.362053
77.137353
147.20328
81.551573
2.0352644
44.218613
153.44971
36.773158
174.57903
49.367698
171.44156
220.99761
182.36734
80.025388
57.428493
4.4871366
43.464384
11.351829
54.640059
39.447176
55.265135
137.15479
60.418965
16.918965
104.5119
6.0601133
34.202697
30.740353
83.17949
30.441079
37.333462
95.293489
19.833353
21.009793
89.496037
21.910536
51.18093
42.873205
151.33005
49.109275
25.165789
278.65287
60.270585
40.626282
47.744909
6.4791012
168.71388
106.9312
129.29117
141.82642
154.79229
68.658142
6.3288326
170.48783
45.520959
10.906417
90.410197
20.730859
154.96899
7.1254824
16.535555
25.734235
293.02598
15.185628
139.13817
5.3453109
12.017327
3.723004
14.564328
90.480972
84.879619
65.109727
169.48327
31.319062
376.99056
120.3122
18.819643
5.8920996
34.745238
34.680226
67.167489
111.37721
184.57514
204.63911
76.391729
12.334884
37.092561
208.96323
31.989142
54.658485
13.037064
27.754525
44.315544
90.479737
111.41318
91.755053
21.312476
17.010526
82.151202
94.311155
98.071326
144.71673
159.23717
213.04821
206.93356
36.545816
33.10617
182.5112
5.1486644
101.78341
32.116959
66.531956
48.035655
80.625149
82.137247
370.92009
51.147217
73.033156
85.756181
28.166406
24.679423
59.888883
174.73975
4.3926431
13.31761
56.641886
21.216471
117.74018
96.695306
7.2849882
321.29688
146.96675
184.34216
84.361201
218.14809
