"pm"
0.86213107319379
0.3695409810245
0.4158297576199
0.177771886722407
0.670497326437761
0.706854335493996
0.125819271381916
0.323244424214268
0.423753606962212
0.472684139731059
0.683606863229253
0.53114342330385
0.446107775734556
0.480612711575802
0.645504261086253
0.677288465223867
0.420062570059068
0.212909399687297
0.734394327023484
0.247560677779545
0.408077669299814
0.599099752772173
1.01253330405829
0.840478479298432
0.116692966263108
1.04474866885832
0.588785043423748
0.596147119688844
0.361158218534943
0.688349038555248
1.23544447323921
0.704901280900715
0.66491496862617
0.512673230833632
0.506603126951903
0.721175358498197
0.432177064289107
0.128070141837939
0.65711303605552
0.673505345703053
0.651838306194208
0.720945386149358
0.352754311487664
0.471544345043171
0.470986393502707
0.262172032207704
0.308252982442081
0.539105631800203
0.23106861653566
0.388422540697104
0.553808421964878
0.484997022859254
0.391016989709913
0.661384664832387
0.285758063255706
0.230385820385325
0.685216605951455
0.607709413517468
0.723776873827032
0.698379410998368
0.959344947383441
0.486786357363051
0.674402252175753
0.457377545943905
0.408708149862112
0.468013312160706
0.23483804674065
0.602440762421745
0.546223426516369
0.393395714809762
0.674462468048015
0.588176975765216
0.911931956269968
0.764918600919027
0.398968946457212
0.503789632505952
0.320928313535305
0.173471100102657
0.653003345927544
0.529253601548439
0.62925307695019
0.650419593926181
0.455050732798607
0.948580451545777
0.790332908180254
0.250400669921931
0.588647240795599
0.912240990535687
0.655832147001624
1.24897504372427
0.638464057388975
0.747239341813851
0.149467644103643
0.295840654646836
0.497189681772127
0.492669288803852
0.584795824284846
0.488104757600282
0.658935345300802
0.174792675716581
