                 est.p1              est.p2      log-likelihood
1   0.70652173913043481 0.37185135917506584 -9.5167263356728942
2   0.75435412423236714 0.34449031420468917 -7.8713370365648379
3   0.78145503073142042 0.32453404002389108 -8.2801159351977116
4   0.79827755038607984 0.31088242422640733 -8.1046279594071571
5   0.80910300743859431 0.30171073180903624 -8.7974794572768467
6   0.81618136857082269 0.29558148850750360 -7.7637279850856755
7   0.82084697440159937 0.29149142797524197 -7.0665329998785218
8   0.82393610115437144 0.28876292246696800 -8.9863073173458794
9   0.82598698880269783 0.28694267314663430 -8.6719751395341138
10  0.82735092814979627 0.28572824058922569 -8.4615680601872487
11  0.82825903291823089 0.28491793776269142 -8.3208712565587195
12  0.82886409586061949 0.28437725479325143 -8.2268534032755927
13  0.82926744565664512 0.28401646756175114 -8.1640565928750792
14  0.82953641869014672 0.28377571703934718 -8.1221259213221444
15  0.82971582330563831 0.28361506451156193 -8.0941337234166273
16  0.82983550407996587 0.28350786070795264 -8.0754491768138035
17  0.82991535123950433 0.28343632315963985 -8.0629785516854664
18  0.82996862634281154 0.28338858578273207 -8.0546557952030966
19  0.83000417384454828 0.28335673035934478 -8.0491015084589765
20  0.83002789343790118 0.28333547304572448 -8.0453948935322863
21  0.83004372101169843 0.28332128791106903 -8.0429213550695025
22  0.83005428255648295 0.28331182208353434 -8.0412707068147284
23  0.83006133021005224 0.28330550547834893 -8.0401692008649022
24  0.83006603309471594 0.28330129036859569 -8.0394341510352110
25  0.83006917133285762 0.28329847759972765 -8.0389436441266628
26  0.83007126548706878 0.28329660062161682 -8.0386163242215289
27  0.83007266292401183 0.28329534810247980 -8.0383979009046875
28  0.83007359544005777 0.28329451228868907 -8.0382521453525122
29  0.83007421771277790 0.28329395454496109 -8.0381548816268698
30  0.83007463295876915 0.28329358235911117 -8.0380899768762752
31  0.83007491005479239 0.28329333399718443 -8.0380466655054885
32  0.83007509496259735 0.28329316826372991 -8.0380177635465841
33  0.83007521835268261 0.28329305766876756 -8.0379984770845496
34  0.83007530069163404 0.28329298386806306 -8.0379856071063074
35  0.83007535563691914 0.28329293462039512 -8.0379770188889221
36  0.83007539230224514 0.28329290175712080 -8.0379712879176388
37  0.83007541676924312 0.28329287982725393 -8.0379674636047458
38  0.83007543309622189 0.28329286519331776 -8.0379649116169425
39  0.83007544399131594 0.28329285542800137 -8.0379632086595727
40  0.83007545126167959 0.28329284891154505 -8.0379620722655289
41  0.83007545611323819 0.28329284456307335 -8.0379613139427661
42  0.83007545935071347 0.28329284166131130 -8.0379608079092613
43  0.83007546151110068 0.28329283972494745 -8.0379604702299421
44  0.83007546295274048 0.28329283843279984 -8.0379602448944869
45  0.83007546391475573 0.28329283757054174 -8.0379600945266994
46  0.83007546455671433 0.28329283699515151 -8.0379599941853623
47  0.83007546498509754 0.28329283661119004 -8.0379599272269289
48  0.83007546527096021 0.28329283635497016 -8.0379598825451648
49  0.83007546546171795 0.28329283618399304 -8.0379598527287595
50  0.83007546558901191 0.28329283606989902 -8.0379598328320849
51  0.83007546567395596 0.28329283599376331 -8.0379598195548976
52  0.83007546573063962 0.28329283594295757 -8.0379598106949679
53  0.83007546576846492 0.28329283590905457 -8.0379598047826786
54  0.83007546579370595 0.28329283588643089 -8.0379598008373634
55  0.83007546581054958 0.28329283587133386 -8.0379597982046338
56  0.83007546582178948 0.28329283586125958 -8.0379597964478045
57  0.83007546582928982 0.28329283585453691 -8.0379597952754480
58  0.83007546583429492 0.28329283585005083 -8.0379597944931707
59  0.83007546583763492 0.28329283584705728 -8.0379597939710905
60  0.83007546583986358 0.28329283584505971 -8.0379597936227203
61  0.83007546584135095 0.28329283584372661 -8.0379597933902378
62  0.83007546584234337 0.28329283584283704 -8.0379597932351086
63  0.83007546584300562 0.28329283584224352 -8.0379597931316056
64  0.83007546584344749 0.28329283584184745 -8.0379597930625462
65  0.83007546584374237 0.28329283584158310 -8.0379597930164639
66  0.83007546584393921 0.28329283584140669 -8.0379597929857063
67  0.83007546584407055 0.28329283584128895 -8.0379597929651627
68  0.83007546584415826 0.28329283584121034 -8.0379597929514404
69  0.83007546584421654 0.28329283584115794 -8.0379597929422992
70  0.83007546584425562 0.28329283584112297 -8.0379597929362276
71  0.83007546584428160 0.28329283584109965 -8.0379597929321491
72  0.83007546584429892 0.28329283584108417 -8.0379597929294651
73  0.83007546584431058 0.28329283584107379 -8.0379597929276443
74  0.83007546584431824 0.28329283584106696 -8.0379597929264648
75  0.83007546584432357 0.28329283584106230 -8.0379597929256512
76  0.83007546584432690 0.28329283584105919 -8.0379597929250810
77  0.83007546584432912 0.28329283584105713 -8.0379597929247470
78  0.83007546584433067 0.28329283584105569 -8.0379597929244948
79  0.83007546584433178 0.28329283584105475 -8.0379597929243278
80  0.83007546584433256 0.28329283584105414 -8.0379597929242461
81  0.83007546584433300 0.28329283584105375 -8.0379597929241520
82  0.83007546584433323 0.28329283584105358 -8.0379597929241164
83  0.83007546584433356 0.28329283584105336 -8.0379597929240667
84  0.83007546584433367 0.28329283584105319 -8.0379597929240454
85  0.83007546584433378 0.28329283584105308 -8.0379597929240330
86  0.83007546584433378 0.28329283584105303 -8.0379597929240241
87  0.83007546584433378 0.28329283584105303 -8.0379597929240241
88  0.83007546584433378 0.28329283584105303 -8.0379597929240241
89  0.83007546584433378 0.28329283584105303 -8.0379597929240241
90  0.83007546584433378 0.28329283584105303 -8.0379597929240241
91  0.83007546584433378 0.28329283584105303 -8.0379597929240241
92  0.83007546584433378 0.28329283584105303 -8.0379597929240241
93  0.83007546584433378 0.28329283584105303 -8.0379597929240241
94  0.83007546584433378 0.28329283584105303 -8.0379597929240241
95  0.83007546584433378 0.28329283584105303 -8.0379597929240241
96  0.83007546584433378 0.28329283584105303 -8.0379597929240241
97  0.83007546584433378 0.28329283584105303 -8.0379597929240241
98  0.83007546584433378 0.28329283584105303 -8.0379597929240241
99  0.83007546584433378 0.28329283584105303 -8.0379597929240241
100 0.83007546584433378 0.28329283584105303 -8.0379597929240241
There were 50 or more warnings (use warnings() to see the first 50)