structure(list(sch_id = c(1011, 1011, 1011, 1011, 1011, 1011, 
1011, 1011, 1011, 1011, 1011, 1011, 1011, 1011, 1011, 1011, 1011, 
1011, 1011, 1011, 1011, 1011, 1011, 1011, 1011, 1011, 1011, 1011, 
1011, 1011, 1011, 1031, 1031, 1031, 1031, 1031, 1031, 1031, 1031, 
1031, 1031, 1031, 1031, 1031, 1031, 1031, 1031, 1031, 1031, 1031, 
1031, 1031, 1031, 1033, 1033, 1033, 1033, 1033, 1033, 1033, 1033, 
1033, 1033, 1033, 1033, 1033, 1033, 1033, 1033, 1033, 1033, 1033, 
1033, 1033, 1033, 1033, 1301, 1301, 1301, 1301, 1301, 1301, 1301, 
1301, 1301, 1301, 1301, 1301, 1301, 1301, 1301, 1301, 1301, 1301, 
1301, 1302, 1302, 1302, 1302, 1302, 1302, 1302, 1302, 1302, 1302, 
1302, 1302, 1302, 1302, 1302, 1302, 1302, 1302, 1302, 1302, 1302, 
1311, 1311, 1311, 1311, 1311, 1311, 1311, 1311, 1311, 1311, 1311, 
1311, 1311, 1311, 1311, 1311, 1312, 1312, 1312, 1312, 1312, 1312, 
1312, 1312, 1312, 1312, 1312, 1312, 1312, 1312, 1312, 1312, 1342, 
1342, 1342, 1342, 1342, 1342, 1342, 1342, 1342, 1342, 1342, 1342, 
1342, 1342, 1342, 1342, 1342, 1342, 1342, 1342, 1342, 1342, 1362, 
1362, 1362, 1362, 1362, 1362, 1362, 1362, 1362, 1362, 1362, 1362, 
1362, 1362, 1362, 1362, 1362, 1362, 1362, 1362, 1362, 1362, 1362, 
1362, 1371, 1371, 1371, 1371, 1371, 1371, 1371, 1371, 1371, 1371, 
1371, 1371, 1371, 1371, 1371, 1371, 1371, 1371, 1621, 1621, 1621, 
1621, 1621, 1621, 1621, 1621, 1621, 1621, 1621, 1631, 1631, 1631, 
1631, 1631, 1631, 1631, 1631, 1631, 1631, 1631, 1631, 1631, 1631, 
1631, 1631, 1631, 1631, 1631, 1631, 1631, 1631, 1631, 1631, 1631, 
1631, 1631, 1631, 1631, 1631, 1642, 1642, 1642, 1642, 1642, 1642, 
1642, 1642, 1642, 1642, 1642, 1642, 1642, 1642, 1642, 1642, 1642, 
1642, 1642, 1651, 1651, 1651, 1651, 1651, 1651, 1651, 1651, 1651, 
1651, 1651, 1651, 1651, 1651, 1651, 1651, 1651, 1651, 1661, 1661, 
1661, 1661, 1661, 1661, 1661, 1661, 1661, 1661, 1661, 1661, 1662, 
1662, 1662, 1662, 1662, 1662, 1662, 1662, 1662, 1662, 1662, 1662, 
1662, 1662, 1662, 1662, 1662, 1662, 1662, 1662, 1662, 1662, 1662, 
1891, 1891, 1891, 1891, 1891, 1891, 1891, 1892, 1892, 1892, 1892, 
1892, 1892, 1892, 1892, 1892, 1892, 1892, 1892, 1892, 1892, 1901, 
1901, 1901, 1901, 1901, 1901, 1901, 1901, 1901, 1901, 1901, 1901, 
1902, 1902, 1902, 1902, 1902, 1902, 1902, 1902, 1902, 1902, 1902, 
1902, 1902, 1902, 1902, 1902, 1902, 1902, 1902, 1902, 1911, 1911, 
1911, 1911, 1911, 1911, 1911, 1911, 1911, 1911, 1911, 1911, 1911, 
1911, 1911, 1912, 1912, 1912, 1912, 1912, 1912, 1912, 1912, 1912, 
1912, 1912, 1912, 1912, 1912, 1912, 1912, 1912, 1912, 1912, 1912, 
1912, 1912, 1912, 1912, 1913, 1913, 1913, 1913, 1913, 1913, 1913, 
1913, 1913, 1913, 1913, 1913, 1913, 1913, 2201, 2201, 2201, 2201, 
2201, 2201, 2201, 2201, 2201, 2201, 2201, 2201, 2201, 2201, 2201, 
2201, 2201, 2201, 2201, 2201, 2202, 2202, 2202, 2202, 2202, 2202, 
2202, 2202, 2202, 2202, 2202, 2202, 2202, 2202, 2202, 2202, 2202, 
2202, 2202, 2391, 2391, 2391, 2391, 2391, 2391, 2391, 2391, 2391, 
2391, 2391, 2391, 2391, 2391, 2391, 2391, 2391, 2391, 2391, 2391, 
2391, 2391, 2391, 2391, 2391, 2391, 2391, 2391, 2391, 2391, 2401, 
2401, 2401, 2401, 2401, 2401, 2401, 2401, 2401, 2401, 2401, 2401, 
2411, 2411, 2411, 2411, 2411, 2411, 2411, 2411, 2411, 2411, 2411, 
2411, 2411, 2411, 2411, 2411, 2411, 2411, 2411, 2411, 2411, 2411, 
2412, 2412, 2412, 2412, 2412, 2412, 2412, 2412, 2412, 2412, 2412, 
2412, 2412, 2412, 2412, 2412, 2412, 2412, 2412, 2412, 2511, 2511, 
2511, 2511, 2511, 2511, 2511, 2511, 2511, 2511, 2511, 2511, 2511, 
2511, 2511, 2511, 2522, 2522, 2522, 2522, 2522, 2522, 2522, 2522, 
2522, 2522, 2522, 2522, 2522, 2522, 2522, 2522, 2522, 2522, 2522, 
2522, 2522, 2522, 2541, 2541, 2541, 2541, 2541, 2541, 2541, 2541, 
2541, 2541, 2541, 2541, 2541, 2541, 2541, 2542, 2542, 2542, 2542, 
2542, 2542, 2542, 2542, 2542, 2542, 2542, 2542, 2542, 2542, 2542, 
2542, 2542, 2542, 2542, 2542, 2542, 2542, 2542, 2542, 2542, 2542, 
2551, 2551, 2551, 2551, 2551, 2551, 2551, 2551, 2551, 2551, 2551, 
2551, 2551, 2551, 2551, 2551, 2551, 2551, 2551, 2551, 2551, 2551, 
2551, 2551, 2552, 2552, 2552, 2552, 2552, 2552, 2552, 2552, 2552, 
2552, 2552, 2552, 2552, 2552, 2552, 2552, 2552, 2562, 2562, 2562, 
2562, 2562, 2562, 2562, 2562, 2562, 2562, 2562, 2562, 2563, 2563, 
2563, 2563, 2563, 2563, 2563, 2563, 2563, 2563, 2563, 2563, 2563, 
2563, 2563, 2563, 2563, 2563, 2563, 2563, 2563, 2563, 2563, 2563, 
2563, 2563, 2563, 2563, 2563, 2563, 2563, 2563, 2671, 2671, 2671, 
2671, 2671, 2671, 2671, 2671, 2671, 2671, 2671, 2671, 2671, 2671, 
2671, 2671, 2683, 2683, 2683, 2683, 2683, 2683, 2683, 2683, 2683, 
2683, 2683, 2683, 2683, 2683, 2683, 2683, 2683, 2683, 2683, 2683, 
2683, 2683, 2683, 2683, 2683, 2683, 2683, 2781, 2781, 2781, 2781, 
2781, 2781, 2781, 2781, 2781, 2781, 2781, 2781, 2781, 2781, 2781, 
2781, 2781, 2781, 2781, 2781, 2781, 2781, 2781, 2781, 2781, 2782, 
2782, 2782, 2782, 2782, 2782, 2782, 2782, 2782, 2782, 2782, 2782, 
2782, 2782, 2782, 2782, 2782, 2782, 2782, 2782, 2782, 2782, 2791, 
2791, 2791, 2791, 2791, 2791, 2791, 2791, 2791, 2791, 2791, 2791, 
2791, 2791, 2791, 2791, 2791, 2791, 2791, 2791, 2791, 2791, 2791, 
2791, 2791, 2791, 2791, 2791, 2792, 2792, 2792, 2792, 2792, 2792, 
2792, 2792, 2792, 2792, 2792, 2792, 2792, 2792, 2792, 2801, 2801, 
2801, 2801, 2801, 2801, 2801, 2801, 2801, 2801, 2801, 2801, 2801, 
2801, 2801, 2801, 2801, 2802, 2802, 2802, 2802, 2802, 2802, 2802, 
2802, 2802, 2802, 2802, 2802, 2802, 2802, 2802, 2811, 2811, 2811, 
2811, 2811, 2811, 2811, 2811, 2811, 2811, 2811, 2811, 2811, 2811, 
2811, 2811, 2811, 2811, 2811, 2811, 2811, 2812, 2812, 2812, 2812, 
2812, 2812, 2812, 2812, 2812, 2812, 2812, 2812, 2812, 2812, 2812, 
2812, 2812, 2812, 2812, 2812, 2821, 2821, 2821, 2821, 2821, 2821, 
2821, 2821, 2821, 2821, 2821, 2821, 2821, 2821, 2821, 2821, 2821, 
2821, 2821, 2821, 2821, 2821, 2822, 2822, 2822, 2822, 2822, 2822, 
2822, 2822, 2822, 2822, 2822, 2822, 2822, 2822, 2822, 2831, 2831, 
2831, 2831, 2831, 2831, 2831, 2831, 2831, 2831, 2831, 2831, 2831, 
2831, 2831, 2831, 2831, 2831, 2832, 2832, 2832, 2832, 2832, 2832, 
2832, 2832, 2832, 2832, 2832, 2832, 2832, 2832, 2832, 2832, 2832, 
2832, 2832, 2841, 2841, 2841, 2841, 2841, 2841, 2841, 2841, 2841, 
2841, 2841, 2841, 2841, 2841, 2841, 2841, 2841, 2841, 2841, 2841, 
2841, 2841, 2841, 2841, 2841, 2842, 2842, 2842, 2842, 2842, 2842, 
2842, 2842, 2842, 2842, 2842, 2851, 2851, 2851, 2851, 2851, 2851, 
2851, 2851, 2851, 2851, 2851, 2851, 2851, 2851, 2851, 2851, 2851, 
2851, 2851, 2851, 2851, 2851, 2851, 2851, 2851, 2851, 2851, 2852, 
2852, 2852, 2852, 2852, 2852, 2852, 2852, 2852, 2852, 2852, 2852, 
2852, 2852, 2852, 2852, 2852, 2852, 2852, 2852, 2852, 2852, 2852, 
2852, 2861, 2861, 2861, 2861, 2861, 2861, 2861, 2861, 2861, 2861, 
2861, 2861, 2861, 2861, 2861, 2861, 2861, 2861, 2861, 2861, 2861, 
2861, 2861, 2861, 2862, 2862, 2862, 2862, 2862, 2862, 2862, 2862, 
2862, 2862, 2862, 2862, 2862, 2862, 2862, 2862, 2862, 2862, 2862, 
2862, 2862, 2862, 2862, 2862, 2862, 2871, 2871, 2871, 2871, 2871, 
2871, 2871, 2871, 2871, 2871, 2871, 2871, 2871, 2871, 2871, 2871, 
2871, 2871, 2871, 2871, 2871, 2871, 2871, 2871, 2871, 2871, 2871, 
2871, 2872, 2872, 2872, 2872, 2872, 2872, 2872, 2872, 2872, 2872, 
2872, 2872, 2872, 2872, 2872, 2872, 2872, 2872, 2881, 2881, 2881, 
2881, 2881, 2881, 2881, 2881, 2881, 2881, 2881, 2881, 2881, 2881, 
2881, 2881, 2881, 2881, 2881, 2881, 2881, 2881, 2881, 2881, 2881, 
2881, 2881, 2881, 2891, 2891, 2891, 2891, 2891, 2891, 2891, 2891, 
2891, 2891, 2891, 2891, 2891, 2891, 2891, 2891, 2891, 2891, 2891, 
2891, 2891, 2891, 2891, 2891, 3101, 3101, 3101, 3101, 3101, 3101, 
3101, 3101, 3101, 3101, 3101, 3101, 3101, 3102, 3102, 3102, 3102, 
3102, 3102, 3102, 3102, 3102, 3102, 3102, 3102, 3102, 3102, 3102, 
3102, 3111, 3111, 3111, 3111, 3111, 3111, 3111, 3111, 3111, 3111, 
3111, 3111, 3111, 3111, 3111, 3111, 3111, 3111, 3111, 3111, 3111, 
3111, 3111, 3111, 3111, 3111, 3111, 3112, 3112, 3112, 3112, 3112, 
3112, 3112, 3112, 3112, 3112, 3112, 3112, 3112, 3112, 3112, 3112, 
3112, 3121, 3121, 3121, 3121, 3121, 3121, 3121, 3121, 3121, 3121, 
3121, 3121, 3121, 3121, 3121, 3122, 3122, 3122, 3122, 3261, 3261, 
3261, 3261, 3261, 3261, 3261, 3261, 3261, 3261, 3261, 3261, 3261, 
3261, 3261, 3261, 3261, 3261, 3261, 3262, 3262, 3262, 3262, 3262, 
3262, 3262, 3262, 3262, 3262, 3262, 3262, 3262, 3262, 3262, 3262, 
3262, 3262, 3262, 3262, 3262, 3262, 3262, 3262, 3271, 3271, 3271, 
3271, 3271, 3271, 3271, 3271, 3271, 3271, 3271, 3271, 3271, 3271, 
3271, 3271, 3271, 3271, 3271, 3271, 3271, 3271, 3271, 3271, 3271, 
3271, 3271, 3272, 3272, 3272, 3272, 3272, 3272, 3272, 3272, 3272, 
3272, 3272, 3272, 3272, 3272, 3272, 3272, 3272, 3272, 3272, 3272, 
3272, 3272, 3282, 3282, 3282, 3282, 3282, 3282, 3282, 3282, 3282, 
3282, 3282, 3282, 3282, 3381, 3381, 3381, 3381, 3381, 3381, 3381, 
3381, 3381, 3381, 3381, 3381, 3381, 3381, 3381, 3381, 3381, 3381, 
3381, 3381, 3381, 3381, 3381, 3381, 3381, 3381, 3381, 3382, 3382, 
3382, 3382, 3382, 3382, 3382, 3382, 3382, 3382, 3382, 3382, 3382, 
3382, 3382, 3382, 3382, 3391, 3391, 3391, 3391, 3391, 3391, 3391, 
3391, 3391, 3391, 3391, 3391, 3391, 3391, 3391, 3391, 3391, 3391, 
3391, 3391, 3391, 3391, 3391, 3392, 3392, 3392, 3392, 3392, 3392, 
3392, 3392, 3392, 3392, 3392, 3392, 3392, 3401, 3401, 3401, 3401, 
3401, 3401, 3401, 3401, 3401, 3401, 3401, 3401, 3401, 3401, 3401, 
3401, 3401, 3401, 3401, 3401, 3401, 3402, 3402, 3402, 3402, 3402, 
3402, 3402, 3402, 3402, 3402, 3402, 3402, 3402, 3411, 3411, 3411, 
3411, 3411, 3411, 3411, 3411, 3411, 3411, 3411, 3411, 3411, 3412, 
3412, 3412, 3412, 3412, 3412, 3412, 3412, 3412, 3412, 3412, 3412, 
3421, 3421, 3421, 3421, 3421, 3421, 3421, 3421, 3421, 3421, 3421, 
3421, 3421, 3421, 3421, 3421, 3421, 3421, 3421, 3421, 3432, 3432, 
3432, 3432, 3432, 3441, 3441, 3441, 3441, 3441, 3441, 3441, 3441, 
3441, 3441, 3441, 3441, 3441, 3441, 3451, 3451, 3451, 3451, 3451, 
3451, 3451, 3451, 3451, 3451, 3451, 3451, 3451, 3451, 3451, 3451, 
3451, 3451, 3451, 3451, 3451, 3451, 3451, 3451, 3452, 3452, 3452, 
3452, 3452, 3452, 3452, 3452, 3452, 3452, 3452, 3452, 3452, 3452, 
3452, 3561, 3561, 3561, 3561, 3561, 3561, 3561, 3561, 3561, 3561, 
3561, 3561, 3561, 3561, 3561, 3561, 3561, 3562, 3562, 3562, 3562, 
3562, 3562, 3562, 3562, 3562, 3562, 3562, 3562, 3562, 3562, 3562, 
3562, 3562, 3562, 3562, 3562, 3562, 3562, 3571, 3571, 3571, 3571, 
3571, 3571, 3571, 3571, 3571, 3571, 3571, 3571, 3571, 3571, 3571, 
3571, 3571, 3571, 3571, 3571, 3571, 3631, 3631, 3631, 3631, 3631, 
3631, 3631, 3631, 3631, 3631, 3631, 3631, 3631, 3631, 3631, 3631, 
3631, 3631, 3631, 3631, 3631, 3631, 3631, 3631, 3631, 3631, 3632, 
3632, 3632, 3632, 3632, 3632, 3632, 3632, 3632, 3632, 3632, 3632, 
3632, 3632, 3632, 3632, 3632, 3632, 3632, 3632, 3632, 3632, 3632, 
3632, 3632, 3632, 3632, 3632, 3632, 3632, 3641, 3641, 3641, 3641, 
3641, 3641, 3641, 3641, 3641, 3641, 3641, 3641, 3641, 3641, 3641, 
3641, 3641, 3641, 3641, 3641, 3642, 3642, 3642, 3642, 3642, 3642, 
3642, 3642, 3642, 3642, 3642, 3642, 3642, 3642, 3642, 3642, 3642, 
3642, 3642, 3642, 3662, 3662, 3662, 3662, 3662, 3662, 3662, 3662, 
3662, 3662, 3662, 3662, 3662, 3662, 3662, 3662, 3662, 3662, 3662, 
3662, 3662, 3662, 3662, 3662, 3662, 3672, 3672, 3672, 3672, 3672, 
3672, 3672, 3672, 3681, 3681, 3681, 3681, 3681, 3681, 3681, 3681, 
3681, 3681, 3681, 3681, 3681, 3681, 3681, 3681, 3681, 3681, 3681, 
3681, 3681, 3681, 3681, 3681, 3681, 3682, 3682, 3682, 3682, 3682, 
3682, 3682, 3682, 3682, 3682, 3682, 3682, 3682, 3682, 3682, 3682, 
3682, 3682, 3682, 3682, 3682, 3691, 3691, 3691, 3691, 3691, 3691, 
3691, 3691, 3691, 3691, 3691, 3691, 3691, 3691, 3691, 3691, 3691, 
3691, 3691, 3691, 3691, 3691, 3691, 3691, 3691, 3691, 3691, 3692, 
3692, 3692, 3692, 3692, 3692, 3692, 3692, 3692, 3692, 3692, 3692, 
3692, 3692, 3692, 3692, 3692, 3692, 3692, 3692, 3692, 3692, 3692, 
3692, 3692, 3692, 3692, 3692, 3692, 3692, 3692, 3701, 3701, 3701, 
3701, 3701, 3701, 3701, 3701, 3701, 3701, 3701, 3701, 3701, 3701, 
3701, 3701, 3701, 3701, 3701, 3701, 3701, 3701, 3701, 3701, 3702, 
3702, 3702, 3702, 3702, 3702, 3702, 3702, 3702, 3702, 3702, 3702, 
3702, 3702, 3702, 3702, 3702, 3702, 3702, 3702, 3702, 3702, 3702, 
3702, 3702, 3702, 3702, 3702, 3702, 3702), sch_freelunch = c(6, 
6, 6, 6, 6, 6, 6, 6, 6, 6, 6, 6, 6, 6, 6, 6, 6, 6, 6, 6, 6, 6, 
6, 6, 6, 6, 6, 6, 6, 6, 6, 1, 1, 1, 1, 1, 1, 1, 1, 1, 1, 1, 1, 
1, 1, 1, 1, 1, 1, 1, 1, 1, 1, 5, 5, 5, 5, 5, 5, 5, 5, 5, 5, 5, 
5, 5, 5, 5, 5, 5, 5, 5, 5, 5, 5, 5, 4, 4, 4, 4, 4, 4, 4, 4, 4, 
4, 4, 4, 4, 4, 4, 4, 4, 4, 4, 3, 3, 3, 3, 3, 3, 3, 3, 3, 3, 3, 
3, 3, 3, 3, 3, 3, 3, 3, 3, 3, 7, 7, 7, 7, 7, 7, 7, 7, 7, 7, 7, 
7, 7, 7, 7, 7, 8, 8, 8, 8, 8, 8, 8, 8, 8, 8, 8, 8, 8, 8, 8, 8, 
4, 4, 4, 4, 4, 4, 4, 4, 4, 4, 4, 4, 4, 4, 4, 4, 4, 4, 4, 4, 4, 
4, 1, 1, 1, 1, 1, 1, 1, 1, 1, 1, 1, 1, 1, 1, 1, 1, 1, 1, 1, 1, 
1, 1, 1, 1, 6, 6, 6, 6, 6, 6, 6, 6, 6, 6, 6, 6, 6, 6, 6, 6, 6, 
6, 3, 3, 3, 3, 3, 3, 3, 3, 3, 3, 3, 4, 4, 4, 4, 4, 4, 4, 4, 4, 
4, 4, 4, 4, 4, 4, 4, 4, 4, 4, 4, 4, 4, 4, 4, 4, 4, 4, 4, 4, 4, 
6, 6, 6, 6, 6, 6, 6, 6, 6, 6, 6, 6, 6, 6, 6, 6, 6, 6, 6, 3, 3, 
3, 3, 3, 3, 3, 3, 3, 3, 3, 3, 3, 3, 3, 3, 3, 3, 5, 5, 5, 5, 5, 
5, 5, 5, 5, 5, 5, 5, 3, 3, 3, 3, 3, 3, 3, 3, 3, 3, 3, 3, 3, 3, 
3, 3, 3, 3, 3, 3, 3, 3, 3, 6, 6, 6, 6, 6, 6, 6, 5, 5, 5, 5, 5, 
5, 5, 5, 5, 5, 5, 5, 5, 5, 7, 7, 7, 7, 7, 7, 7, 7, 7, 7, 7, 7, 
5, 5, 5, 5, 5, 5, 5, 5, 5, 5, 5, 5, 5, 5, 5, 5, 5, 5, 5, 5, 3, 
3, 3, 3, 3, 3, 3, 3, 3, 3, 3, 3, 3, 3, 3, 6, 6, 6, 6, 6, 6, 6, 
6, 6, 6, 6, 6, 6, 6, 6, 6, 6, 6, 6, 6, 6, 6, 6, 6, 5, 5, 5, 5, 
5, 5, 5, 5, 5, 5, 5, 5, 5, 5, 5, 5, 5, 5, 5, 5, 5, 5, 5, 5, 5, 
5, 5, 5, 5, 5, 5, 5, 5, 5, 7, 7, 7, 7, 7, 7, 7, 7, 7, 7, 7, 7, 
7, 7, 7, 7, 7, 7, 7, 8, 8, 8, 8, 8, 8, 8, 8, 8, 8, 8, 8, 8, 8, 
8, 8, 8, 8, 8, 8, 8, 8, 8, 8, 8, 8, 8, 8, 8, 8, 7, 7, 7, 7, 7, 
7, 7, 7, 7, 7, 7, 7, 4, 4, 4, 4, 4, 4, 4, 4, 4, 4, 4, 4, 4, 4, 
4, 4, 4, 4, 4, 4, 4, 4, 4, 4, 4, 4, 4, 4, 4, 4, 4, 4, 4, 4, 4, 
4, 4, 4, 4, 4, 4, 4, 7, 7, 7, 7, 7, 7, 7, 7, 7, 7, 7, 7, 7, 7, 
7, 7, 1, 1, 1, 1, 1, 1, 1, 1, 1, 1, 1, 1, 1, 1, 1, 1, 1, 1, 1, 
1, 1, 1, 4, 4, 4, 4, 4, 4, 4, 4, 4, 4, 4, 4, 4, 4, 4, 2, 2, 2, 
2, 2, 2, 2, 2, 2, 2, 2, 2, 2, 2, 2, 2, 2, 2, 2, 2, 2, 2, 2, 2, 
2, 2, 6, 6, 6, 6, 6, 6, 6, 6, 6, 6, 6, 6, 6, 6, 6, 6, 6, 6, 6, 
6, 6, 6, 6, 6, 7, 7, 7, 7, 7, 7, 7, 7, 7, 7, 7, 7, 7, 7, 7, 7, 
7, 2, 2, 2, 2, 2, 2, 2, 2, 2, 2, 2, 2, 7, 7, 7, 7, 7, 7, 7, 7, 
7, 7, 7, 7, 7, 7, 7, 7, 7, 7, 7, 7, 7, 7, 7, 7, 7, 7, 7, 7, 7, 
7, 7, 7, 2, 2, 2, 2, 2, 2, 2, 2, 2, 2, 2, 2, 2, 2, 2, 2, 7, 7, 
7, 7, 7, 7, 7, 7, 7, 7, 7, 7, 7, 7, 7, 7, 7, 7, 7, 7, 7, 7, 7, 
7, 7, 7, 7, 4, 4, 4, 4, 4, 4, 4, 4, 4, 4, 4, 4, 4, 4, 4, 4, 4, 
4, 4, 4, 4, 4, 4, 4, 4, 8, 8, 8, 8, 8, 8, 8, 8, 8, 8, 8, 8, 8, 
8, 8, 8, 8, 8, 8, 8, 8, 8, 6, 6, 6, 6, 6, 6, 6, 6, 6, 6, 6, 6, 
6, 6, 6, 6, 6, 6, 6, 6, 6, 6, 6, 6, 6, 6, 6, 6, 7, 7, 7, 7, 7, 
7, 7, 7, 7, 7, 7, 7, 7, 7, 7, 6, 6, 6, 6, 6, 6, 6, 6, 6, 6, 6, 
6, 6, 6, 6, 6, 6, 4, 4, 4, 4, 4, 4, 4, 4, 4, 4, 4, 4, 4, 4, 4, 
8, 8, 8, 8, 8, 8, 8, 8, 8, 8, 8, 8, 8, 8, 8, 8, 8, 8, 8, 8, 8, 
6, 6, 6, 6, 6, 6, 6, 6, 6, 6, 6, 6, 6, 6, 6, 6, 6, 6, 6, 6, 7, 
7, 7, 7, 7, 7, 7, 7, 7, 7, 7, 7, 7, 7, 7, 7, 7, 7, 7, 7, 7, 7, 
3, 3, 3, 3, 3, 3, 3, 3, 3, 3, 3, 3, 3, 3, 3, 7, 7, 7, 7, 7, 7, 
7, 7, 7, 7, 7, 7, 7, 7, 7, 7, 7, 7, 2, 2, 2, 2, 2, 2, 2, 2, 2, 
2, 2, 2, 2, 2, 2, 2, 2, 2, 2, 4, 4, 4, 4, 4, 4, 4, 4, 4, 4, 4, 
4, 4, 4, 4, 4, 4, 4, 4, 4, 4, 4, 4, 4, 4, 1, 1, 1, 1, 1, 1, 1, 
1, 1, 1, 1, 7, 7, 7, 7, 7, 7, 7, 7, 7, 7, 7, 7, 7, 7, 7, 7, 7, 
7, 7, 7, 7, 7, 7, 7, 7, 7, 7, 6, 6, 6, 6, 6, 6, 6, 6, 6, 6, 6, 
6, 6, 6, 6, 6, 6, 6, 6, 6, 6, 6, 6, 6, 5, 5, 5, 5, 5, 5, 5, 5, 
5, 5, 5, 5, 5, 5, 5, 5, 5, 5, 5, 5, 5, 5, 5, 5, 7, 7, 7, 7, 7, 
7, 7, 7, 7, 7, 7, 7, 7, 7, 7, 7, 7, 7, 7, 7, 7, 7, 7, 7, 7, 5, 
5, 5, 5, 5, 5, 5, 5, 5, 5, 5, 5, 5, 5, 5, 5, 5, 5, 5, 5, 5, 5, 
5, 5, 5, 5, 5, 5, 4, 4, 4, 4, 4, 4, 4, 4, 4, 4, 4, 4, 4, 4, 4, 
4, 4, 4, 6, 6, 6, 6, 6, 6, 6, 6, 6, 6, 6, 6, 6, 6, 6, 6, 6, 6, 
6, 6, 6, 6, 6, 6, 6, 6, 6, 6, 6, 6, 6, 6, 6, 6, 6, 6, 6, 6, 6, 
6, 6, 6, 6, 6, 6, 6, 6, 6, 6, 6, 6, 6, 4, 4, 4, 4, 4, 4, 4, 4, 
4, 4, 4, 4, 4, 3, 3, 3, 3, 3, 3, 3, 3, 3, 3, 3, 3, 3, 3, 3, 3, 
6, 6, 6, 6, 6, 6, 6, 6, 6, 6, 6, 6, 6, 6, 6, 6, 6, 6, 6, 6, 6, 
6, 6, 6, 6, 6, 6, 4, 4, 4, 4, 4, 4, 4, 4, 4, 4, 4, 4, 4, 4, 4, 
4, 4, 4, 4, 4, 4, 4, 4, 4, 4, 4, 4, 4, 4, 4, 4, 4, 4, 4, 4, 4, 
6, 6, 6, 6, 6, 6, 6, 6, 6, 6, 6, 6, 6, 6, 6, 6, 6, 6, 6, 4, 4, 
4, 4, 4, 4, 4, 4, 4, 4, 4, 4, 4, 4, 4, 4, 4, 4, 4, 4, 4, 4, 4, 
4, 8, 8, 8, 8, 8, 8, 8, 8, 8, 8, 8, 8, 8, 8, 8, 8, 8, 8, 8, 8, 
8, 8, 8, 8, 8, 8, 8, 6, 6, 6, 6, 6, 6, 6, 6, 6, 6, 6, 6, 6, 6, 
6, 6, 6, 6, 6, 6, 6, 6, 8, 8, 8, 8, 8, 8, 8, 8, 8, 8, 8, 8, 8, 
6, 6, 6, 6, 6, 6, 6, 6, 6, 6, 6, 6, 6, 6, 6, 6, 6, 6, 6, 6, 6, 
6, 6, 6, 6, 6, 6, 8, 8, 8, 8, 8, 8, 8, 8, 8, 8, 8, 8, 8, 8, 8, 
8, 8, 6, 6, 6, 6, 6, 6, 6, 6, 6, 6, 6, 6, 6, 6, 6, 6, 6, 6, 6, 
6, 6, 6, 6, 4, 4, 4, 4, 4, 4, 4, 4, 4, 4, 4, 4, 4, 8, 8, 8, 8, 
8, 8, 8, 8, 8, 8, 8, 8, 8, 8, 8, 8, 8, 8, 8, 8, 8, 7, 7, 7, 7, 
7, 7, 7, 7, 7, 7, 7, 7, 7, 1, 1, 1, 1, 1, 1, 1, 1, 1, 1, 1, 1, 
1, 1, 1, 1, 1, 1, 1, 1, 1, 1, 1, 1, 1, 8, 8, 8, 8, 8, 8, 8, 8, 
8, 8, 8, 8, 8, 8, 8, 8, 8, 8, 8, 8, 7, 7, 7, 7, 7, 1, 1, 1, 1, 
1, 1, 1, 1, 1, 1, 1, 1, 1, 1, 2, 2, 2, 2, 2, 2, 2, 2, 2, 2, 2, 
2, 2, 2, 2, 2, 2, 2, 2, 2, 2, 2, 2, 2, 1, 1, 1, 1, 1, 1, 1, 1, 
1, 1, 1, 1, 1, 1, 1, 5, 5, 5, 5, 5, 5, 5, 5, 5, 5, 5, 5, 5, 5, 
5, 5, 5, 4, 4, 4, 4, 4, 4, 4, 4, 4, 4, 4, 4, 4, 4, 4, 4, 4, 4, 
4, 4, 4, 4, 3, 3, 3, 3, 3, 3, 3, 3, 3, 3, 3, 3, 3, 3, 3, 3, 3, 
3, 3, 3, 3, 4, 4, 4, 4, 4, 4, 4, 4, 4, 4, 4, 4, 4, 4, 4, 4, 4, 
4, 4, 4, 4, 4, 4, 4, 4, 4, 5, 5, 5, 5, 5, 5, 5, 5, 5, 5, 5, 5, 
5, 5, 5, 5, 5, 5, 5, 5, 5, 5, 5, 5, 5, 5, 5, 5, 5, 5, 5, 5, 5, 
5, 5, 5, 5, 5, 5, 5, 5, 5, 5, 5, 5, 5, 5, 5, 5, 5, 7, 7, 7, 7, 
7, 7, 7, 7, 7, 7, 7, 7, 7, 7, 7, 7, 7, 7, 7, 7, 4, 4, 4, 4, 4, 
4, 4, 4, 4, 4, 4, 4, 4, 4, 4, 4, 4, 4, 4, 4, 4, 4, 4, 4, 4, 7, 
7, 7, 7, 7, 7, 7, 7, 8, 8, 8, 8, 8, 8, 8, 8, 8, 8, 8, 8, 8, 8, 
8, 8, 8, 8, 8, 8, 8, 8, 8, 8, 8, 7, 7, 7, 7, 7, 7, 7, 7, 7, 7, 
7, 7, 7, 7, 7, 7, 7, 7, 7, 7, 7, 8, 8, 8, 8, 8, 8, 8, 8, 8, 8, 
8, 8, 8, 8, 8, 8, 8, 8, 8, 8, 8, 8, 8, 8, 8, 8, 8, 5, 5, 5, 5, 
5, 5, 5, 5, 5, 5, 5, 5, 5, 5, 5, 5, 5, 5, 5, 5, 5, 5, 5, 5, 5, 
5, 5, 5, 5, 5, 5, 5, 5, 5, 5, 5, 5, 5, 5, 5, 5, 5, 5, 5, 5, 5, 
5, 5, 5, 5, 5, 5, 5, 5, 5, 8, 8, 8, 8, 8, 8, 8, 8, 8, 8, 8, 8, 
8, 8, 8, 8, 8, 8, 8, 8, 8, 8, 8, 8, 8, 8, 8, 8, 8, 8), stu_ses = c(-0.0599483039078208, 
1.05165224357876, -0.863514964741495, -0.796551076338689, -1.61351051485292, 
-1.15815607371384, 0.636476135481364, 0.0605866952172304, -1.06440662994991, 
-1.35904773892226, 0.0338011398561079, 0.234692805064526, -0.796551076338689, 
0.0605866952172304, 1.60075612848177, 0.569512247078557, 0.355227804189578, 
-1.53315384876956, -0.48851718968578, 1.85521890441244, -0.568873855769148, 
-0.649230521852515, -0.649230521852515, -1.35904773892226, -0.582266633449709, 
0.114157805939475, -1.06440662994991, 0.623083357800802, 0.91772446677315, 
0.0605866952172304, -1.27869107283889, 1.58736335080121, -1.21172718443609, 
0.448977247953506, 0.355227804189578, 0.971295577495395, 1.34629335255111, 
1.06504502125932, 0.529333914036874, -0.274232746796801, -0.354589412880168, 
-1.01083551922767, -0.957264408505424, 0.462370025634068, -1.09119218531104, 
-0.756372743297005, -0.193876080713433, 0.676654468523047, -0.957264408505424, 
-0.542088300408025, 1.39986446327335, -0.635837744171954, 0.81058224532866, 
-1.02422829690823, -2.02868662295032, 0.0338011398561079, 0.770403912286976, 
-1.11797774067216, -0.91708607546374, -0.635837744171954, 1.01147391053708, 
-0.48851718968578, -0.287625524477362, 1.86861168209300, 0.27487113810621, 
-1.62690329253349, -0.475124412005219, -0.80994385401925, -1.03762107458879, 
1.88200445977356, -1.30547662820002, -0.836729409380373, 0.582905024759119, 
-0.260839969116239, -1.07779940763047, 0.435584470272945, 0.502548358675751, 
-0.220661636074556, 0.0605866952172304, 1.44004279631504, -0.354589412880168, 
-0.180483303032872, 0.181121694342282, 1.49361390703728, 0.248085582745088, 
-0.930478853144301, -1.13137051835272, -0.716194410255321, 0.408798914911823, 
0.288263915786771, -0.796551076338689, -0.662623299533076, -0.501909967366342, 
0.770403912286976, 1.01147391053708, -0.0867338592689433, 0.248085582745088, 
-0.876907742422056, -0.394767745921852, -0.167090525352311, -1.26529829515833, 
-0.501909967366342, 0.355227804189578, -0.876907742422056, -0.796551076338689, 
-0.742979965616444, 0.623083357800802, 0.00701558449498541, 0.91772446677315, 
-0.716194410255321, 1.07843779893988, -0.70280163257476, -1.19833440675553, 
-0.421553301282974, 1.09183057662045, -0.421553301282974, -0.716194410255321, 
0.167728916661720, 0.114157805939475, -0.113519414630066, 0.783796689967537, 
0.984688355175956, 0.234692805064526, -0.716194410255321, -0.863514964741495, 
-0.0197699708661371, -1.10458496299160, -0.140304969991188, -0.676016077213638, 
0.408798914911823, -1.42601162732507, 0.408798914911823, 0.676654468523047, 
-0.943871630824863, 0.850760578370343, 0.408798914911823, -1.54654662645012, 
0.0739794728977916, -0.783158298658128, 0.435584470272945, -0.769765520977566, 
-0.247447191435678, 0.100765028258914, 0.408798914911823, -0.823336631699811, 
-1.07779940763047, -0.943871630824863, 1.78825501600963, -0.260839969116239, 
0.0204083621755467, 1.78825501600963, -0.341196635199607, 0.998081132856517, 
-0.0465555262272595, 0.315049471147894, -0.0331627485466983, 
-0.984049963866546, 0.569512247078557, -0.0599483039078208, 0.248085582745088, 
-0.327803857519046, -0.167090525352311, 0.0605866952172304, 0.716832801564731, 
1.81504057137075, -0.649230521852515, 0.3820133595507, 1.17218724270381, 
-0.287625524477362, 0.636476135481364, 0.743618356925854, 1.52039946239841, 
0.783796689967537, 1.27932946414830, 0.422191692592384, -0.689408854894199, 
0.676654468523047, 1.15879446502325, -0.501909967366342, 0.663261690842486, 
0.957902799814833, -0.970657186185985, -0.073341081588382, 0.0605866952172304, 
1.61414890616233, -0.930478853144301, -0.394767745921852, 0.167728916661720, 
-0.0867338592689433, 2.02932501425973, 1.46682835167616, 0.716832801564731, 
0.716832801564731, 0.59629780243968, 0.797189467648099, 0.167728916661720, 
0.408798914911823, 1.01147391053708, -0.676016077213638, -0.301018302157923, 
0.823975023009221, 0.288263915786771, 0.181121694342282, -0.140304969991188, 
0.3820133595507, 0.355227804189578, -1.38583329428338, 1.07843779893988, 
-0.394767745921852, -0.756372743297005, -0.542088300408025, 1.07843779893988, 
1.33290057487055, 1.58736335080121, 1.34629335255111, 2.3507516785932, 
0.757011134606415, 0.341835026509016, 1.42665001863448, -0.327803857519046, 
1.78825501600963, 1.25254390878718, 0.837367800689782, -0.756372743297005, 
-1.86797329078359, 0.328442248828455, 0.422191692592384, -0.314411079838484, 
2.1096816803431, 2.33735890091264, 1.84182612673187, -1.65368884789461, 
1.94896834817637, 0.448977247953506, -0.649230521852515, -0.957264408505424, 
-0.274232746796801, -0.70280163257476, -1.22511996211665, -0.0867338592689433, 
-0.863514964741495, -0.59565941113027, 0.448977247953506, 0.676654468523047, 
1.68111279456514, -1.17154885139440, -0.689408854894199, 2.13646723570422, 
1.0382594658982, -0.903693297783179, -0.0867338592689433, -1.38583329428338, 
-1.21172718443609, 0.730225579245292, 0.716832801564731, -0.314411079838484, 
2.08289612498198, 1.35968613023167, 0.70344002388417, 1.46682835167616, 
0.569512247078557, 0.0605866952172304, -0.0197699708661371, -1.11797774067216, 
2.20343112410703, 0.301656693467333, 0.529333914036874, -1.22511996211665, 
-0.0867338592689433, -0.367982190560729, 0.502548358675751, 0.154336138981159, 
-1.42601162732507, 1.05165224357876, 0.0338011398561079, -0.394767745921852, 
1.93557557049580, 1.11861613198157, 0.81058224532866, 1.34629335255111, 
0.663261690842486, 1.02486668821764, 0.663261690842486, 1.61414890616233, 
0.341835026509016, 0.261478360425649, 0.288263915786771, 0.864153356050905, 
0.81058224532866, 2.24360945714871, 1.25254390878718, -0.381374968241290, 
1.30611501950943, -0.0465555262272595, 1.17218724270381, 0.301656693467333, 
-0.622444966491393, -1.14476329603328, 0.154336138981159, 0.609690580120241, 
1.90879001513468, 0.27487113810621, 0.957902799814833, 1.29272224182886, 
0.716832801564731, 0.93111724445371, 0.984688355175956, 0.355227804189578, 
-0.515302745046903, 0.261478360425649, 0.864153356050905, 0.462370025634068, 
0.690047246203609, 1.26593668646774, 1.46682835167616, 1.70789834992626, 
0.194514472022843, -0.448338856644097, 1.66772001688458, 0.301656693467333, 
2.1096816803431, 0.93111724445371, 2.36414445627376, 1.70789834992626, 
1.46682835167616, -0.394767745921852, -0.970657186185985, 1.48022112935672, 
-0.796551076338689, -0.461731634324658, 0.649868913161925, -1.05101385226935, 
1.44004279631504, 1.49361390703728, 0.422191692592384, 0.623083357800802, 
-0.421553301282974, -0.421553301282974, 0.114157805939475, -0.381374968241290, 
-0.180483303032872, 1.4534355739956, -0.555481078088587, 0.971295577495395, 
0.569512247078557, -1.06440662994991, -0.0331627485466983, -1.49297551572787, 
0.435584470272945, -0.287625524477362, -0.434946078963535, 1.05165224357876, 
0.676654468523047, 1.49361390703728, 0.569512247078557, 1.10522335430101, 
-1.54654662645012, -0.180483303032872, 0.328442248828455, -0.649230521852515, 
0.194514472022843, 0.502548358675751, -0.247447191435678, 0.81058224532866, 
0.904331689092588, 0.823975023009221, 0.234692805064526, -0.421553301282974, 
0.0338011398561079, -0.689408854894199, -0.234054413755117, 0.408798914911823, 
-0.354589412880168, -0.542088300408025, -0.421553301282974, -0.207268858393994, 
1.35968613023167, -0.662623299533076, 1.90879001513468, 1.27932946414830, 
-0.220661636074556, -1.29208385051945, 0.542726691717435, 1.44004279631504, 
0.301656693467333, 0.448977247953506, 1.62754168384290, 1.10522335430101, 
-0.957264408505424, 1.58736335080121, 0.100765028258914, 0.181121694342282, 
0.3820133595507, 1.11861613198157, 2.1096816803431, -0.943871630824863, 
-1.27869107283889, -0.193876080713433, 0.797189467648099, -0.073341081588382, 
-0.434946078963535, 0.100765028258914, 1.46682835167616, -0.381374968241290, 
1.38647168559279, -0.0063771931855758, -0.287625524477362, 1.25254390878718, 
0.529333914036874, 1.60075612848177, -1.30547662820002, 0.3820133595507, 
-0.341196635199607, 1.21236557574550, -0.073341081588382, -0.073341081588382, 
-0.876907742422056, 0.140943361300598, -0.542088300408025, 0.0338011398561079, 
0.27487113810621, 2.31057334555152, 0.797189467648099, 1.57397057312065, 
-0.421553301282974, 0.368620581870139, 0.0739794728977916, 0.823975023009221, 
0.623083357800802, 0.529333914036874, 1.78825501600963, 0.100765028258914, 
0.114157805939475, 0.730225579245292, 0.81058224532866, 0.515941136356312, 
-1.19833440675553, -2.18939995511706, -0.421553301282974, 0.00701558449498541, 
1.22575835342606, 0.194514472022843, 0.59629780243968, 1.44004279631504, 
0.288263915786771, 0.636476135481364, -0.48851718968578, 1.46682835167616, 
-0.970657186185985, -0.957264408505424, -0.314411079838484, -1.09119218531104, 
0.462370025634068, 1.19897279806494, -1.30547662820002, 0.462370025634068, 
-0.153697747671749, -0.783158298658128, -0.0465555262272595, 
-0.421553301282974, 1.6945055722457, -0.274232746796801, 0.315049471147894, 
-1.22511996211665, 0.556119469397996, 0.70344002388417, -0.689408854894199, 
-0.957264408505424, -1.07779940763047, -0.528695522727464, -1.10458496299160, 
-0.930478853144301, -0.689408854894199, -0.207268858393994, -1.22511996211665, 
1.27932946414830, 0.448977247953506, -1.10458496299160, 0.797189467648099, 
-0.823336631699811, -0.193876080713433, -0.394767745921852, 2.17664556874591, 
0.0605866952172304, -0.100126636949505, 0.288263915786771, 0.315049471147894, 
-0.0465555262272595, -0.408160523602413, 0.890938911412027, 1.02486668821764, 
0.890938911412027, 1.61414890616233, -0.461731634324658, -0.997442741547107, 
1.44004279631504, -0.729587187935883, -1.06440662994991, 0.556119469397996, 
-0.957264408505424, 1.10522335430101, -0.48851718968578, -0.126912192310627, 
-0.957264408505424, -0.126912192310627, 0.690047246203609, -1.30547662820002, 
0.48915558099519, -0.515302745046903, -1.77422384701966, 0.408798914911823, 
0.556119469397996, 0.301656693467333, 1.53379224007897, 1.42665001863448, 
2.19003834642647, 1.56057779544009, 1.27932946414830, -0.662623299533076, 
-0.783158298658128, 1.42665001863448, 1.90879001513468, -1.06440662994991, 
0.890938911412027, 1.15879446502325, -0.381374968241290, 0.716832801564731, 
0.0204083621755467, 0.3820133595507, 2.36414445627376, 2.19003834642647, 
0.944510022134272, 1.68111279456514, 1.44004279631504, 0.797189467648099, 
0.408798914911823, 1.6945055722457, 0.730225579245292, -0.140304969991188, 
1.42665001863448, -1.07779940763047, -1.64029607021405, -1.27869107283889, 
0.91772446677315, 0.127550583620037, 1.46682835167616, -0.394767745921852, 
0.355227804189578, 0.770403912286976, 1.17218724270381, -0.274232746796801, 
0.877546133731466, 0.234692805064526, -0.742979965616444, 0.91772446677315, 
-1.89475884614471, -1.02422829690823, -0.113519414630066, 1.90879001513468, 
-0.247447191435678, 0.770403912286976, -0.742979965616444, -0.876907742422056, 
-0.970657186185985, 1.85521890441244, -0.260839969116239, 1.22575835342606, 
1.93557557049580, -0.0331627485466983, 1.76146946064851, 2.1096816803431, 
-0.528695522727464, 0.984688355175956, 0.623083357800802, 0.48915558099519, 
-0.0197699708661371, 0.475762803314629, 1.11861613198157, 0.636476135481364, 
1.02486668821764, -0.113519414630066, 2.14986001338478, 1.68111279456514, 
1.46682835167616, 1.80164779369019, 1.46682835167616, 1.46682835167616, 
0.422191692592384, 0.475762803314629, -0.609052188810832, 0.27487113810621, 
0.0873722505783528, 0.261478360425649, 0.154336138981159, 0.341835026509016, 
-0.421553301282974, 1.21236557574550, 1.34629335255111, 1.34629335255111, 
2.36414445627376, 0.475762803314629, 0.207907249703404, -0.100126636949505, 
-0.287625524477362, 0.27487113810621, 1.33290057487055, 0.770403912286976, 
0.59629780243968, -0.274232746796801, -1.50636829340843, -0.582266633449709, 
-0.91708607546374, 0.649868913161925, -0.274232746796801, 0.154336138981159, 
1.09183057662045, 0.542726691717435, 0.0739794728977916, -0.59565941113027, 
0.515941136356312, 0.154336138981159, 0.770403912286976, -1.18494162907496, 
0.0338011398561079, -0.367982190560729, -0.234054413755117, -1.62690329253349, 
-0.890300520102618, 0.341835026509016, 0.194514472022843, -1.09119218531104, 
-0.408160523602413, -1.65368884789461, -1.38583329428338, 0.515941136356312, 
-0.582266633449709, 0.475762803314629, 0.221300027383965, -0.247447191435678, 
-0.876907742422056, 0.3820133595507, 1.90879001513468, -0.649230521852515, 
1.25254390878718, 0.59629780243968, 1.41325724095392, 1.23915113110662, 
-0.193876080713433, 2.45789390003769, 1.89539723745412, 0.422191692592384, 
-0.274232746796801, 0.864153356050905, 0.3820133595507, 1.25254390878718, 
1.98914668121805, 0.140943361300598, 0.435584470272945, 0.957902799814833, 
1.6945055722457, 1.61414890616233, 0.529333914036874, -0.381374968241290, 
-1.50636829340843, 1.74807668296795, 1.44004279631504, 1.35968613023167, 
0.448977247953506, 0.0605866952172304, -0.609052188810832, 0.904331689092588, 
0.301656693467333, 0.850760578370343, 1.37307890791223, 1.14540168734269, 
0.823975023009221, 2.05611056962085, 0.435584470272945, 0.59629780243968, 
0.70344002388417, 0.59629780243968, 0.355227804189578, -0.957264408505424, 
1.25254390878718, 0.904331689092588, 0.0338011398561079, -1.76083106933910, 
-0.327803857519046, 0.395406137231261, 0.663261690842486, 0.248085582745088, 
-0.501909967366342, -0.649230521852515, 0.582905024759119, -1.19833440675553, 
-1.64029607021405, -2.14922162207537, -0.984049963866546, -1.64029607021405, 
0.971295577495395, -1.27869107283889, -2.09565051135313, -0.823336631699811, 
0.663261690842486, -0.234054413755117, 1.09183057662045, 0.730225579245292, 
-1.29208385051945, -0.783158298658128, -1.11797774067216, -1.19833440675553, 
-0.234054413755117, -0.863514964741495, -1.01083551922767, -0.957264408505424, 
0.288263915786771, -1.03762107458879, -1.65368884789461, -0.073341081588382, 
1.29272224182886, 0.194514472022843, -0.247447191435678, -0.0197699708661371, 
1.46682835167616, 0.408798914911823, -0.180483303032872, -0.434946078963535, 
1.53379224007897, 0.48915558099519, 0.3820133595507, 0.783796689967537, 
0.181121694342282, 0.770403912286976, 0.998081132856517, -1.39922607196394, 
-1.02422829690823, -0.903693297783179, -0.729587187935883, -0.381374968241290, 
-1.42601162732507, 0.27487113810621, -0.649230521852515, -1.97511551222808, 
-0.984049963866546, -0.70280163257476, -0.756372743297005, -0.823336631699811, 
-0.542088300408025, -1.54654662645012, -0.220661636074556, -0.0599483039078208, 
-0.421553301282974, 0.944510022134272, -0.622444966491393, -1.61351051485292, 
0.757011134606415, 0.0873722505783528, 0.676654468523047, -0.836729409380373, 
-1.51976107108900, -1.53315384876956, -0.207268858393994, -0.421553301282974, 
-1.43940440500563, -0.448338856644097, -0.769765520977566, -0.997442741547107, 
1.27932946414830, -0.193876080713433, 1.37307890791223, -0.582266633449709, 
0.181121694342282, -0.167090525352311, -0.957264408505424, 2.16325279106534, 
0.676654468523047, -0.140304969991188, 0.890938911412027, 0.288263915786771, 
0.957902799814833, 0.0338011398561079, 0.649868913161925, 0.181121694342282, 
-0.193876080713433, 0.757011134606415, -0.542088300408025, 0.0204083621755467, 
-1.25190551747777, -0.70280163257476, 0.408798914911823, 1.72129112760682, 
1.54718501775953, -1.53315384876956, -1.19833440675553, -0.689408854894199, 
-1.73404551397798, 1.41325724095392, 0.91772446677315, 0.93111724445371, 
-0.649230521852515, -0.0063771931855758, 0.328442248828455, -0.716194410255321, 
-0.876907742422056, 0.114157805939475, 0.797189467648099, -1.64029607021405, 
1.25254390878718, -0.622444966491393, 0.837367800689782, -1.57333218181124, 
1.46682835167616, 1.18558002038437, -1.42601162732507, -0.354589412880168, 
-1.07779940763047, 0.0605866952172304, -1.18494162907496, -0.234054413755117, 
-0.836729409380373, -0.635837744171954, -1.42601162732507, -0.742979965616444, 
-1.17154885139440, 0.368620581870139, -1.42601162732507, 0.529333914036874, 
-1.37244051660282, -1.10458496299160, -1.78761662470022, 2.19003834642647, 
-1.80100940238078, -1.61351051485292, -1.05101385226935, -1.11797774067216, 
-2.35011328728379, -0.140304969991188, 1.53379224007897, 1.48022112935672, 
0.797189467648099, -1.25190551747777, -0.354589412880168, -1.15815607371384, 
-1.13137051835272, -0.0465555262272595, -1.15815607371384, -0.622444966491393, 
-0.247447191435678, 0.877546133731466, -0.676016077213638, 1.60075612848177, 
-0.515302745046903, -1.42601162732507, -1.22511996211665, -0.180483303032872, 
-1.31886940588058, -0.850122187060934, 1.80164779369019, 0.502548358675751, 
-0.0599483039078208, 0.355227804189578, -0.930478853144301, 0.690047246203609, 
0.395406137231261, -0.876907742422056, 1.23915113110662, -0.193876080713433, 
-2.36350606496435, -0.542088300408025, -0.716194410255321, 0.248085582745088, 
0.542726691717435, 0.0471939175366691, 0.248085582745088, 0.207907249703404, 
-1.92154440150583, 0.823975023009221, -1.77422384701966, -0.850122187060934, 
-0.381374968241290, -0.461731634324658, 1.06504502125932, -1.88136606846415, 
-1.39922607196394, -0.930478853144301, -0.100126636949505, -0.649230521852515, 
0.569512247078557, -1.02422829690823, -1.76083106933910, -0.0063771931855758, 
-0.863514964741495, -1.31886940588058, -1.25190551747777, -1.37244051660282, 
-0.367982190560729, -1.96172273454752, -1.23851273979721, -0.461731634324658, 
-1.09119218531104, -1.47958273804731, -0.448338856644097, -1.14476329603328, 
-0.930478853144301, 0.368620581870139, -1.10458496299160, 0.0739794728977916, 
1.35968613023167, 1.0382594658982, -0.327803857519046, -1.88136606846415, 
-0.461731634324658, -1.23851273979721, 0.757011134606415, -0.70280163257476, 
-0.354589412880168, -1.42601162732507, -0.260839969116239, -0.0063771931855758, 
-1.14476329603328, -2.17600717743650, -1.23851273979721, -1.39922607196394, 
-1.42601162732507, -0.314411079838484, -1.05101385226935, -0.314411079838484, 
-0.756372743297005, 0.194514472022843, 0.435584470272945, -0.0867338592689433, 
0.837367800689782, -0.783158298658128, 0.636476135481364, -0.876907742422056, 
-0.314411079838484, 1.56057779544009, -1.47958273804731, 0.48915558099519, 
-1.50636829340843, -0.153697747671749, 0.877546133731466, 0.301656693467333, 
1.46682835167616, -1.3456549612417, 0.890938911412027, -1.06440662994991, 
-0.515302745046903, -0.247447191435678, -1.37244051660282, -0.729587187935883, 
-0.850122187060934, -0.622444966491393, -1.03762107458879, -1.17154885139440, 
-0.689408854894199, -1.22511996211665, -0.582266633449709, -0.676016077213638, 
0.140943361300598, -1.37244051660282, -1.22511996211665, -1.30547662820002, 
-1.65368884789461, 0.422191692592384, -1.18494162907496, -0.863514964741495, 
-0.903693297783179, -0.180483303032872, -0.542088300408025, 0.730225579245292, 
0.100765028258914, -1.39922607196394, -0.193876080713433, -0.542088300408025, 
-0.274232746796801, -1.35904773892226, 0.690047246203609, -1.64029607021405, 
-1.18494162907496, 1.01147391053708, -0.528695522727464, -1.07779940763047, 
-0.475124412005219, 0.663261690842486, 0.00701558449498541, -1.33226218356114, 
-1.02422829690823, -1.41261884964451, -0.113519414630066, 1.38647168559279, 
1.90879001513468, 1.6945055722457, -0.716194410255321, 0.730225579245292, 
-0.301018302157923, -0.649230521852515, 1.70789834992626, -0.381374968241290, 
0.556119469397996, -0.100126636949505, -1.27869107283889, -1.30547662820002, 
1.44004279631504, 1.6945055722457, 1.44004279631504, -0.635837744171954, 
0.315049471147894, -1.27869107283889, -0.676016077213638, -0.287625524477362, 
0.823975023009221, 0.248085582745088, 0.100765028258914, 0.823975023009221, 
0.971295577495395, -0.260839969116239, 1.21236557574550, -0.234054413755117, 
0.877546133731466, -1.49297551572787, -1.23851273979721, -0.930478853144301, 
-1.57333218181124, -0.970657186185985, -1.53315384876956, -1.35904773892226, 
-0.073341081588382, 0.114157805939475, -0.354589412880168, -1.61351051485292, 
-1.37244051660282, -1.98850828990864, -1.55993940413068, -0.903693297783179, 
0.261478360425649, 0.368620581870139, -0.622444966491393, -1.65368884789461, 
-1.19833440675553, -0.180483303032872, -1.76083106933910, 1.60075612848177, 
0.59629780243968, -0.408160523602413, -0.756372743297005, -0.676016077213638, 
1.09183057662045, -1.17154885139440, -0.301018302157923, -1.26529829515833, 
-0.140304969991188, -1.09119218531104, -0.970657186185985, -0.501909967366342, 
-1.05101385226935, -1.31886940588058, -1.47958273804731, -0.381374968241290, 
-0.582266633449709, -0.0063771931855758, -0.997442741547107, 
-0.555481078088587, -1.38583329428338, -1.76083106933910, 0.462370025634068, 
-0.836729409380373, 0.783796689967537, -2.17600717743650, -0.729587187935883, 
0.556119469397996, 1.11861613198157, -1.66708162557517, -0.314411079838484, 
-0.0465555262272595, -0.207268858393994, -0.943871630824863, 
-1.05101385226935, -0.649230521852515, -0.568873855769148, -1.17154885139440, 
-0.408160523602413, -0.649230521852515, 0.154336138981159, -0.113519414630066, 
-0.287625524477362, 1.70789834992626, -0.997442741547107, -1.80100940238078, 
-1.30547662820002, -0.555481078088587, -0.568873855769148, -0.568873855769148, 
-1.42601162732507, -2.17600717743650, -1.27869107283889, -0.327803857519046, 
-2.55100495249221, -1.77422384701966, -0.756372743297005, 0.181121694342282, 
-1.23851273979721, -0.542088300408025, -1.07779940763047, -1.54654662645012, 
0.315049471147894, -0.461731634324658, -1.18494162907496, 0.448977247953506, 
-0.649230521852515, -1.15815607371384, -1.27869107283889, -1.96172273454752, 
-0.301018302157923, -0.0331627485466983, -0.662623299533076, 
1.39986446327335, 0.70344002388417, -1.37244051660282, 0.181121694342282, 
-0.126912192310627, -0.943871630824863, -1.53315384876956, -0.381374968241290, 
-1.39922607196394, -1.86797329078359, 1.21236557574550, -1.54654662645012, 
1.84182612673187, -1.18494162907496, 0.70344002388417, -0.515302745046903, 
-0.783158298658128, 0.194514472022843, 0.127550583620037, 0.221300027383965, 
-0.220661636074556, 0.475762803314629, -1.01083551922767, 0.435584470272945, 
0.502548358675751, 0.529333914036874, -0.0197699708661371, -1.03762107458879, 
-0.48851718968578, 0.0605866952172304, -0.461731634324658, 0.0471939175366691, 
0.448977247953506, -0.997442741547107, 1.78825501600963, 0.569512247078557, 
-1.42601162732507, 2.43110834467657, 0.194514472022843, -0.274232746796801, 
-0.0197699708661371, -0.180483303032872, 1.15879446502325, -1.05101385226935, 
-0.59565941113027, -0.180483303032872, -1.42601162732507, 0.127550583620037, 
-1.85458051310303, -2.35011328728379, 0.743618356925854, -0.113519414630066, 
0.248085582745088, -0.742979965616444, -0.341196635199607, 0.48915558099519, 
0.984688355175956, -1.13137051835272, 0.127550583620037, -1.31886940588058, 
-0.823336631699811, -0.220661636074556, -0.408160523602413, -0.783158298658128, 
-0.48851718968578, -0.70280163257476, -0.0867338592689433, -1.10458496299160, 
-1.27869107283889, 1.27932946414830, 0.341835026509016, -1.06440662994991, 
2.12307445802366, -1.47958273804731, -1.15815607371384, -1.41261884964451, 
-1.22511996211665, -0.140304969991188, -2.36350606496435, -0.394767745921852, 
0.823975023009221, 0.0873722505783528, 0.448977247953506, -0.649230521852515, 
-1.07779940763047, 1.89539723745412, -0.234054413755117, -1.22511996211665, 
-1.73404551397798, -1.47958273804731, -1.06440662994991, -0.394767745921852, 
-0.542088300408025, 0.395406137231261, -0.635837744171954, -0.850122187060934, 
-1.42601162732507, -1.65368884789461, -0.649230521852515, -2.21618551047818, 
-1.33226218356114, 0.48915558099519, 1.39986446327335, 0.261478360425649, 
1.05165224357876, -1.06440662994991, -1.19833440675553, -1.06440662994991, 
-0.59565941113027, 0.623083357800802, 0.0204083621755467, -0.943871630824863, 
-0.354589412880168, -0.756372743297005, 0.154336138981159, 0.181121694342282, 
1.27932946414830, 0.743618356925854, -1.18494162907496, 0.998081132856517, 
0.971295577495395, 1.78825501600963, -0.796551076338689, -0.381374968241290, 
0.234692805064526, 0.0338011398561079, 2.12307445802366, 1.34629335255111, 
0.716832801564731, 0.93111724445371, 1.18558002038437, 0.743618356925854, 
0.783796689967537, -0.970657186185985, -0.91708607546374, 1.07843779893988, 
0.0338011398561079, 1.37307890791223, -2.04207940063088, 0.0471939175366691, 
-1.86797329078359, 0.663261690842486, -1.14476329603328, 0.743618356925854, 
-0.381374968241290, -0.180483303032872, 0.515941136356312, 0.676654468523047, 
-1.78761662470022, -0.649230521852515, 0.81058224532866, 1.81504057137075, 
1.18558002038437, -0.126912192310627, -0.59565941113027, 0.194514472022843, 
0.877546133731466, 0.81058224532866, 0.529333914036874, 0.00701558449498541, 
-0.582266633449709, -0.876907742422056, -0.260839969116239, 0.154336138981159, 
-1.22511996211665, 1.76146946064851, -1.51976107108900, 0.341835026509016, 
1.46682835167616, -0.997442741547107, -1.33226218356114, -0.542088300408025, 
-0.568873855769148, -0.180483303032872, 1.23915113110662, 0.248085582745088, 
1.68111279456514, 0.154336138981159, 2.27039501250983, -1.19833440675553, 
0.114157805939475, -1.07779940763047, -1.41261884964451, 0.663261690842486, 
0.100765028258914, -1.21172718443609, -0.649230521852515, 0.435584470272945, 
0.91772446677315, 1.56057779544009, 0.0204083621755467, 0.690047246203609, 
0.0204083621755467, 0.743618356925854, -0.341196635199607, 0.341835026509016, 
0.649868913161925, 1.01147391053708, -0.501909967366342, -0.716194410255321, 
1.05165224357876, 0.328442248828455, -0.515302745046903, 0.234692805064526, 
2.53825056612106, 2.21682390178759, 1.09183057662045, 1.35968613023167, 
0.100765028258914, 0.0605866952172304, 0.556119469397996, 1.39986446327335, 
2.1096816803431, -0.997442741547107, 2.12307445802366, 1.49361390703728, 
0.542726691717435, 0.368620581870139, 0.542726691717435, -1.80100940238078, 
0.154336138981159, 0.341835026509016, 0.448977247953506, 0.649868913161925, 
-1.50636829340843, -0.0197699708661371, -0.140304969991188, 1.23915113110662, 
-0.100126636949505, -0.0599483039078208, 0.448977247953506, 1.73468390528739, 
0.248085582745088, 0.100765028258914, 0.542726691717435, -0.80994385401925, 
0.676654468523047, 0.569512247078557, 0.0605866952172304, -0.662623299533076, 
-0.649230521852515, 0.181121694342282, 0.770403912286976, 0.569512247078557, 
0.315049471147894, -0.0599483039078208, 0.609690580120241, -0.742979965616444, 
-0.341196635199607, -0.167090525352311, 0.649868913161925, 0.542726691717435, 
-0.609052188810832, -0.769765520977566, -1.39922607196394, -0.609052188810832, 
1.96236112585693, 0.355227804189578, -1.18494162907496, 0.248085582745088, 
0.341835026509016, 0.475762803314629, 0.904331689092588, 0.315049471147894, 
0.623083357800802, 0.515941136356312, 1.06504502125932, 0.27487113810621, 
-0.0599483039078208, 0.475762803314629, -0.301018302157923, 0.636476135481364, 
-0.515302745046903, -1.66708162557517, -0.0197699708661371, -0.381374968241290, 
-0.408160523602413, 0.542726691717435, 1.07843779893988, -0.0465555262272595, 
-0.140304969991188, -0.314411079838484, -1.41261884964451, 0.00701558449498541, 
2.41771556699601, -0.756372743297005, -0.247447191435678, -2.10904328903369, 
-0.501909967366342, -0.649230521852515, -1.73404551397798, -1.39922607196394, 
-1.73404551397798, -0.555481078088587, -0.0465555262272595, -1.3456549612417, 
1.17218724270381, -1.25190551747777, 0.690047246203609, 0.0204083621755467, 
-1.06440662994991, -1.03762107458879, -0.528695522727464, 0.315049471147894, 
-1.25190551747777, 0.341835026509016, -1.30547662820002, -0.367982190560729, 
-1.06440662994991, -0.649230521852515, -1.19833440675553, -0.48851718968578, 
-0.461731634324658, 1.05165224357876, 1.31950779718999, 0.70344002388417, 
-0.930478853144301, -0.70280163257476, 0.542726691717435, 0.3820133595507, 
-0.863514964741495, -0.341196635199607, 0.904331689092588, -0.783158298658128, 
0.783796689967537, -0.367982190560729, -1.02422829690823, -0.769765520977566, 
-0.609052188810832, -0.70280163257476, -0.220661636074556, -0.180483303032872, 
0.0338011398561079, -0.381374968241290, 0.114157805939475, 0.181121694342282, 
0.81058224532866, -1.35904773892226, 1.49361390703728, 0.154336138981159, 
0.70344002388417, 0.248085582745088, -0.997442741547107, 0.167728916661720, 
-0.970657186185985, 1.46682835167616, -0.394767745921852, -0.314411079838484, 
-1.37244051660282, -1.19833440675553, -0.113519414630066, -0.890300520102618, 
-0.247447191435678, -0.649230521852515, 0.502548358675751, -0.729587187935883, 
-1.10458496299160, -1.78761662470022, 0.70344002388417, -1.86797329078359, 
-1.06440662994991, 0.00701558449498541, 0.609690580120241, 0.27487113810621, 
-1.21172718443609, 1.6945055722457, -0.555481078088587, -2.09565051135313, 
-1.97511551222808, 0.59629780243968, -0.461731634324658, 0.890938911412027, 
-0.783158298658128, 0.248085582745088, -0.475124412005219, -1.77422384701966, 
0.328442248828455, 1.54718501775953, -1.37244051660282, 0.502548358675751, 
0.971295577495395, 0.864153356050905, -0.0331627485466983, -0.434946078963535, 
0.797189467648099, 1.66772001688458, -0.421553301282974, 1.49361390703728, 
-0.542088300408025, 0.408798914911823, 0.408798914911823, 1.53379224007897, 
-0.421553301282974, -1.50636829340843, 0.623083357800802, -0.970657186185985, 
-0.742979965616444, -0.756372743297005, -0.528695522727464, 0.328442248828455, 
0.0605866952172304, -0.542088300408025, 2.02932501425973, -0.742979965616444, 
-0.113519414630066, -1.30547662820002, -0.153697747671749, -0.0197699708661371, 
-0.501909967366342, 0.355227804189578, -1.06440662994991, -1.25190551747777, 
0.27487113810621, 0.93111724445371, 0.48915558099519, -0.903693297783179, 
0.944510022134272, -0.70280163257476, -0.729587187935883, -0.742979965616444, 
-1.51976107108900, -0.180483303032872, 0.00701558449498541, 0.27487113810621, 
-0.327803857519046, -0.930478853144301, 0.100765028258914, 0.462370025634068, 
-0.367982190560729, 1.11861613198157, 1.09183057662045, 1.90879001513468, 
2.33735890091264, 1.6945055722457, 2.14986001338478, -0.0197699708661371, 
-0.635837744171954, -0.582266633449709, 0.154336138981159, 1.81504057137075, 
1.14540168734269, -0.783158298658128, 0.944510022134272, 0.743618356925854, 
-0.247447191435678, -1.62690329253349, -0.234054413755117, 0.0739794728977916, 
0.0338011398561079, 0.890938911412027, -0.408160523602413, 0.48915558099519, 
0.100765028258914, 0.984688355175956, -0.448338856644097, -0.957264408505424, 
-0.394767745921852, 0.435584470272945, -0.729587187935883, -0.180483303032872, 
-0.662623299533076, -0.716194410255321, -0.461731634324658, 1.49361390703728, 
0.556119469397996, -0.260839969116239, 1.56057779544009, -0.970657186185985, 
-0.301018302157923, -0.91708607546374, -1.90815162382527, -0.528695522727464, 
-0.890300520102618, -0.408160523602413, -0.421553301282974, -0.247447191435678, 
-0.367982190560729, -0.515302745046903, -1.53315384876956, 0.0204083621755467, 
-1.30547662820002, -0.823336631699811, 0.957902799814833, 0.676654468523047, 
0.221300027383965, -1.62690329253349, -1.64029607021405, 0.301656693467333, 
-0.609052188810832, -0.676016077213638, -0.367982190560729, -1.53315384876956, 
-1.17154885139440, -0.274232746796801, 0.515941136356312, 0.877546133731466, 
0.27487113810621, -0.970657186185985, -0.836729409380373, 0.676654468523047, 
0.261478360425649, -0.287625524477362, -1.49297551572787, -0.59565941113027, 
0.48915558099519, 0.770403912286976, 0.355227804189578, 0.462370025634068, 
-0.475124412005219, -0.850122187060934, 1.49361390703728, -1.55993940413068, 
-1.10458496299160, -1.23851273979721, -0.0867338592689433, 0.328442248828455, 
-0.448338856644097, 0.823975023009221, -0.528695522727464, 0.0204083621755467, 
0.140943361300598, 1.48022112935672, -0.622444966491393, 1.62754168384290, 
-0.957264408505424, 0.690047246203609, -0.475124412005219, -1.37244051660282, 
1.06504502125932, 0.114157805939475, 2.20343112410703, -0.153697747671749, 
1.96236112585693, -0.903693297783179, -0.234054413755117, 0.904331689092588, 
1.09183057662045, 0.864153356050905, -0.301018302157923, 0.998081132856517, 
-1.19833440675553, 2.1096816803431, 0.435584470272945, 0.59629780243968, 
2.12307445802366, 0.93111724445371, 0.837367800689782, 1.14540168734269, 
1.35968613023167, 1.05165224357876, 0.890938911412027, 1.94896834817637, 
1.02486668821764, 0.890938911412027, 1.70789834992626, 1.30611501950943, 
-0.742979965616444, -0.220661636074556, 0.261478360425649, -0.180483303032872, 
1.19897279806494, 1.44004279631504, 2.13646723570422, 0.730225579245292, 
0.368620581870139, -1.19833440675553, 1.4534355739956, 1.96236112585693, 
1.78825501600963, 1.01147391053708, 1.27932946414830, -0.354589412880168, 
0.904331689092588, 0.823975023009221, 1.41325724095392, 1.19897279806494, 
-0.180483303032872, -0.153697747671749, 0.408798914911823, 2.21682390178759, 
1.13200890966213, 2.53825056612106, 1.52039946239841, 1.58736335080121, 
0.783796689967537, -1.30547662820002, 1.37307890791223, -0.421553301282974, 
1.34629335255111, 0.770403912286976, -0.367982190560729, 0.971295577495395, 
0.823975023009221, 0.154336138981159, 1.30611501950943, 0.154336138981159, 
0.194514472022843, 0.757011134606415, 0.944510022134272, -0.394767745921852, 
-0.073341081588382, 0.529333914036874, 1.22575835342606, 2.08289612498198, 
1.73468390528739, 1.48022112935672, -0.0197699708661371, 0.328442248828455, 
0.288263915786771, -0.997442741547107, 0.890938911412027, -0.515302745046903, 
1.23915113110662, 2.25700223482927, 1.61414890616233, 1.44004279631504, 
0.730225579245292, -0.207268858393994, 1.73468390528739, 0.890938911412027, 
0.529333914036874, 1.35968613023167, 0.569512247078557, -0.421553301282974, 
-0.863514964741495, 2.33735890091264, -0.689408854894199, -0.662623299533076, 
1.09183057662045, 0.716832801564731, -0.876907742422056, 0.770403912286976, 
-0.80994385401925, -0.0465555262272595, 0.154336138981159, -0.635837744171954, 
-1.17154885139440, -0.421553301282974, 1.68111279456514, 1.46682835167616, 
-0.100126636949505, -0.247447191435678, -0.515302745046903, 0.690047246203609, 
0.609690580120241, -0.0331627485466983, 1.05165224357876, 1.19897279806494, 
1.02486668821764, -1.05101385226935, -0.421553301282974, 0.91772446677315, 
-1.65368884789461, -1.53315384876956, -1.09119218531104, 0.823975023009221, 
-0.354589412880168, -0.073341081588382, 0.301656693467333, -0.48851718968578, 
-0.542088300408025, -0.609052188810832, -1.23851273979721, -0.930478853144301, 
-0.234054413755117, 0.971295577495395, -0.528695522727464, -1.06440662994991, 
1.4534355739956, -1.53315384876956, -1.76083106933910, -0.649230521852515, 
-1.97511551222808, -0.70280163257476, -1.25190551747777, 0.0605866952172304, 
-1.18494162907496, -1.18494162907496, -0.863514964741495, -1.31886940588058, 
1.35968613023167, -1.22511996211665, -1.37244051660282, 0.716832801564731, 
-1.78761662470022, -0.903693297783179, 0.944510022134272, 0.0605866952172304, 
0.355227804189578, -0.984049963866546, 0.890938911412027, 0.864153356050905, 
-0.582266633449709, 0.850760578370343, 1.22575835342606, 1.60075612848177, 
0.582905024759119, -0.287625524477362, -0.073341081588382, 1.6945055722457, 
-1.39922607196394, 0.127550583620037, 0.59629780243968, 1.27932946414830, 
0.48915558099519, 0.716832801564731, 0.502548358675751, -1.21172718443609, 
0.663261690842486, -0.0197699708661371, 1.74807668296795, -0.207268858393994, 
-0.193876080713433, 1.97575390353749, 0.448977247953506, 0.0873722505783528, 
-1.13137051835272, -1.27869107283889, -0.48851718968578, 0.48915558099519, 
-1.21172718443609, -0.662623299533076, 1.31950779718999, -0.943871630824863, 
-1.05101385226935, -1.35904773892226, -0.287625524477362, 0.529333914036874, 
-0.528695522727464, 2.33735890091264, 1.52039946239841, -1.26529829515833, 
-1.50636829340843, -0.501909967366342, 0.194514472022843, -0.100126636949505, 
0.288263915786771, 0.194514472022843, -0.140304969991188, -0.957264408505424, 
-0.381374968241290, -1.3456549612417, -2.20279273279762, -0.716194410255321, 
0.140943361300598, 0.154336138981159, 0.422191692592384, 0.462370025634068, 
0.93111724445371, 1.56057779544009, -0.461731634324658, -1.23851273979721, 
0.341835026509016, 0.797189467648099, -0.354589412880168, -0.381374968241290, 
0.48915558099519, -1.54654662645012, -0.984049963866546, -0.260839969116239, 
0.81058224532866, 0.663261690842486, -0.354589412880168, -1.53315384876956, 
-0.341196635199607, -1.69386718093629, -1.07779940763047, -0.153697747671749, 
0.770403912286976, -0.274232746796801, -1.07779940763047, -0.220661636074556, 
0.582905024759119, -1.33226218356114, -1.77422384701966, 1.35968613023167, 
-1.81440218006134, 0.448977247953506, 0.435584470272945, -0.314411079838484, 
1.25254390878718, 0.288263915786771, 1.64093446152346, -0.635837744171954, 
1.25254390878718, -0.073341081588382, 0.877546133731466, 0.59629780243968, 
0.59629780243968, -0.341196635199607, -0.0599483039078208, -0.314411079838484, 
-0.341196635199607, 1.30611501950943, -0.260839969116239, -0.555481078088587, 
1.56057779544009, 1.46682835167616, 0.743618356925854, 0.435584470272945, 
-0.153697747671749, 0.783796689967537, 1.23915113110662, 1.30611501950943, 
-1.06440662994991, -0.850122187060934, -0.301018302157923, 0.797189467648099, 
-1.31886940588058, 0.623083357800802, -0.796551076338689, -0.501909967366342, 
0.757011134606415, 1.81504057137075, -1.53315384876956, 0.93111724445371, 
0.00701558449498541, 1.29272224182886, -1.19833440675553, -1.23851273979721, 
-1.18494162907496, -1.09119218531104, 0.877546133731466, -0.756372743297005, 
-1.11797774067216, -0.247447191435678, -0.676016077213638, 2.1096816803431, 
0.837367800689782, 0.368620581870139, 0.582905024759119, -0.542088300408025, 
0.0338011398561079, -1.53315384876956, -0.970657186185985, 1.30611501950943, 
0.649868913161925, -1.41261884964451, 0.663261690842486, 0.368620581870139, 
2.02932501425973, 1.52039946239841, -0.073341081588382, 0.636476135481364, 
-1.19833440675553, -1.27869107283889, 1.19897279806494, -0.48851718968578, 
-0.80994385401925, -1.39922607196394, -1.06440662994991, 1.02486668821764, 
1.01147391053708, 1.49361390703728, 0.716832801564731, 0.623083357800802, 
-0.220661636074556, 0.797189467648099, -1.74743829165854, -1.31886940588058, 
-1.51976107108900, -1.13137051835272, 1.58736335080121, 0.181121694342282, 
-0.970657186185985, 0.0204083621755467, 0.649868913161925, 1.58736335080121, 
0.435584470272945, -1.30547662820002, -1.21172718443609, -1.53315384876956, 
0.234692805064526, -0.823336631699811, 0.890938911412027, -0.421553301282974, 
0.154336138981159), stu_mathscore = c(52.11, 57.65, 66.44, 44.68, 
40.57, 35.04, 50.71, 66.17, 39.43, 46.17, 58.76, 47.97, 39.18, 
64.63, 69.38, 32.38, 29.98, 59.32, 43.04, 57.83, 46.07, 47.74, 
48.66, 40.8, 66.32, 53.7, 52.42, 71.38, 59.66, 47.52, 39.51, 
57.57, 42.4, 41.41, 55.22, 43.9, 53.04, 49, 62.45, 53.78, 49.08, 
40.25, 43.08, 52.43, 21.73, 53.68, 41.45, 45.47, 34.06, 33.45, 
60.78, 35.92, 52.4, 40.69, 43.22, 45.57, 46.73, 49.2, 50.27, 
42.79, 61.03, 53.03, 37.98, 50.42, 54.19, 55.95, 40.53, 55.59, 
69.12, 54.18, 41.88, 47.14, 42.86, 49.12, 52.04, 38.34, 55, 54.23, 
53.4, 34.34, 48.07, 53.65, 46.6, 60.93, 56.3, 31.21, 31.56, 31.53, 
59.25, 31.31, 51.54, 57.84, 42.3, 56.57, 43.38, 33.3, 33.24, 
39.66, 49.48, 24.88, 32.72, 51.1, 48.38, 41.14, 27.89, 35.12, 
28.26, 47.54, 24.28, 46.25, 37.99, 39.1, 27.82, 31.98, 29.64, 
38.47, 39.92, 38.33, 37.38, 34.24, 39.49, 40.33, 36.46, 38.03, 
47.06, 40.75, 38.4, 52.93, 26.14, 32.95, 36.48, 44.63, 42.71, 
40.72, 36.7, 48.91, 36.11, 36.46, 32.08, 47.58, 34.62, 39.79, 
48.43, 37, 33.62, 49.87, 35.84, 46.25, 38.48, 43.39, 61.3, 58.4, 
41.75, 41.86, 55.91, 42.07, 36.3, 42.6, 42.65, 44.02, 47.64, 
66.83, 47.41, 61.74, 54.13, 43.8, 41.02, 80, 47.67, 35.73, 53.08, 
56.46, 44.66, 51.6, 46.42, 41.11, 39.67, 48.66, 48.99, 52.12, 
43.04, 42.9, 64.95, 36.89, 53.68, 55.06, 46.62, 43.12, 44.06, 
57.07, 39.24, 64.21, 48.96, 57.18, 43.19, 39.72, 47.76, 33.5, 
30.87, 34.06, 43.95, 37.08, 49.7, 49.83, 35.36, 53.48, 34.91, 
43.36, 49.23, 27.9, 56.5, 28.83, 60.86, 60.7, 67.69, 61.74, 46.47, 
56.55, 65.89, 47.89, 63.34, 44.12, 62.18, 45.18, 29.99, 63.71, 
59.97, 65.09, 64.5, 53.72, 62.08, 46.41, 62.56, 27.04, 61.06, 
39.03, 41.68, 50.54, 41.53, 35.41, 64.69, 38.45, 32.06, 41.42, 
79.01, 47.2, 41.93, 68.93, 67.64, 53.5, 34.03, 45.83, 51.62, 
49.08, 63.32, 45.7, 50.52, 54.41, 46.11, 46.81, 55.59, 41.36, 
63.6, 51.93, 35.46, 59.07, 53.82, 37.53, 48.66, 57.47, 33.41, 
45.55, 53.66, 63.85, 50.86, 65.24, 74.73, 56.98, 47.92, 52.15, 
51.38, 72.17, 45.71, 61.74, 55.51, 62.97, 63.22, 59.2, 64.09, 
55.36, 64.33, 41.46, 64.61, 61.06, 51.38, 52.42, 53.56, 45.25, 
54.74, 61.15, 72.08, 55.13, 48.18, 56.3, 60.36, 64.65, 62.42, 
50.32, 57.32, 57.96, 52.73, 54.95, 60.49, 43.01, 60.25, 50.76, 
64.58, 47.55, 53.35, 55.9, 64.38, 62.8, 60.49, 53.81, 33.85, 
47.51, 35.25, 36.51, 37.49, 41.33, 27.09, 40.31, 50, 69.18, 57.08, 
58.62, 52.35, 43.85, 38.6, 44.71, 54.67, 56.13, 37.27, 45.1, 
57.79, 41, 47.34, 29.54, 52.91, 51.36, 33.92, 36.91, 44.53, 56.28, 
50.14, 37.72, 52.18, 28.26, 61.95, 62.39, 50.35, 42.87, 33.17, 
53.31, 31.59, 50.33, 29.94, 47.93, 46.02, 51.61, 50.06, 39.9, 
47.67, 47.89, 48.23, 45.02, 36.33, 40.69, 55.84, 44.34, 41.06, 
55.06, 56.05, 55.66, 44.44, 59.63, 60.78, 42.84, 54.13, 60.07, 
50.73, 36.07, 43.85, 56.5, 60.1, 59.46, 49.95, 46.1, 64.68, 30.95, 
47.95, 40.74, 61.53, 40.16, 40.33, 46.7, 40.64, 48.21, 59.07, 
53.81, 35.9, 32.13, 51.67, 55.1, 46.63, 50.33, 31.09, 52.33, 
35.94, 48.13, 48.31, 63.37, 53.66, 65.18, 48.21, 44.47, 44.97, 
68.85, 45.95, 55.01, 53.52, 36.85, 37.33, 45.89, 47.74, 62.68, 
57.83, 33.14, 26.73, 32.41, 49.68, 50.72, 53.03, 49.08, 51.83, 
48.34, 46.94, 56.26, 38.38, 39.84, 46.22, 42.9, 48.89, 52.65, 
43.33, 26.33, 55.05, 32.43, 54.12, 41.91, 48.47, 58.24, 59.8, 
35.43, 39.51, 55.59, 38.48, 38.27, 41.68, 38.66, 51.03, 26.07, 
47.08, 43.41, 50.69, 46.07, 50.94, 39.71, 42.96, 40.73, 54.64, 
46.59, 58.86, 42.51, 39.88, 55.37, 45.78, 42.42, 54.48, 57.12, 
62.45, 34.02, 50.25, 45.87, 29.29, 32.75, 51.69, 52.64, 50.24, 
52.85, 69.02, 44.67, 39.38, 41.27, 43.9, 44.08, 23.71, 35.95, 
51.23, 28.43, 52.74, 46.96, 52.52, 55.59, 72.27, 50.47, 54.91, 
61.6, 28.34, 47.49, 66.12, 35.97, 31.54, 58.87, 50.02, 46.9, 
51.75, 55.08, 46.69, 57.64, 57.8, 51.95, 56.83, 49.12, 58.61, 
50.49, 52.13, 66.68, 42.49, 54.6, 50.42, 40.2, 50.97, 23, 35.38, 
44.29, 41.89, 52.86, 45.74, 42.89, 41.18, 30.39, 53.76, 45.65, 
38.93, 49.44, 43.03, 48.99, 64.64, 52.17, 56.17, 40.49, 55.72, 
45.73, 57.96, 42.69, 44.5, 57.67, 46.95, 48.4, 61.35, 42.11, 
47.24, 62.73, 53.7, 51.61, 59.88, 42.29, 48.44, 28.28, 33.3, 
54.71, 65.09, 50.07, 46.23, 69.53, 42.83, 45.59, 53.91, 46.81, 
47.19, 29.78, 47.43, 54.6, 46.82, 43.87, 39.77, 56.65, 54.88, 
55.58, 53.54, 47.03, 48.43, 57.62, 54.61, 51.2, 46.28, 48.56, 
61.41, 48.18, 45.4, 46.43, 42.42, 43.13, 45.04, 50.79, 40.94, 
39.68, 40.89, 56.92, 46.66, 62.13, 32.96, 64.23, 51.18, 30.22, 
45.72, 56.13, 39.2, 69.96, 40.29, 47.09, 36.36, 53.09, 60.93, 
36.74, 53.17, 55.87, 42.1, 35.48, 51.42, 42.94, 40.95, 42.25, 
37.05, 51.34, 40.63, 56.11, 38.38, 42.16, 50.08, 55.57, 37.14, 
48.86, 40.8, 50.39, 33.39, 54.16, 71.24, 44.45, 69.88, 40.11, 
51.02, 30.98, 72.24, 64.95, 57.94, 51.11, 47.75, 56.79, 61.87, 
56.46, 60.73, 58.01, 59.28, 58.58, 58.9, 52.69, 76.17, 57.19, 
48.41, 41.89, 50.8, 53.61, 42.9, 42.45, 30.35, 42.99, 63.21, 
56.56, 54.17, 44.47, 33.19, 42.14, 41.91, 42.02, 52.83, 49.6, 
44.37, 53.14, 39.47, 45.52, 49.79, 39.66, 46.24, 62.17, 49.7, 
49.25, 45.03, 59.1, 25.86, 42.98, 46.3, 51.18, 34.29, 52.13, 
36.66, 48.32, 49.9, 49.49, 42.31, 56.69, 36.17, 60.91, 55.56, 
49.56, 38.58, 70.51, 57.09, 55.89, 51.39, 53.39, 55.84, 47.93, 
62.49, 40.71, 45, 51.98, 47.92, 33.51, 36.24, 46.31, 45.34, 37.03, 
44.82, 59.26, 66.58, 34.61, 44.79, 38.2, 52.56, 41.62, 44.18, 
52.65, 32.13, 51.08, 43.51, 44.29, 49.34, 58.64, 42.78, 36.94, 
46.98, 47.72, 56.35, 54.04, 36.68, 71.04, 45.19, 33.5, 29.68, 
47.56, 47.76, 50.26, 58.06, 45.39, 43.27, 63.01, 50.36, 53.35, 
49.95, 44.5, 52.41, 52.28, 49.08, 59.25, 59.42, 44.55, 48.82, 
51.96, 49.13, 69.36, 55.68, 46.28, 58.64, 54.75, 53.94, 72.89, 
70.76, 44.91, 73.88, 60.89, 47.69, 59.76, 57.45, 62.14, 61.47, 
48.15, 52.87, 50.03, 41.51, 37.42, 64.42, 45.44, 46.06, 46.37, 
46.66, 29.01, 35.69, 49.16, 55.9, 45.84, 35.44, 43.21, 48.36, 
74.14, 46.76, 36.97, 43.84, 43.24, 56.9, 47.64, 38.84, 42.96, 
41.58, 45.96, 80.02, 62.47, 66.48, 52.83, 44.79, 48.08, 41.06, 
49.99, 33.41, 35.25, 52.75, 47.9, 47.48, 48.89, 59.58, 49.72, 
49.23, 57, 35.73, 58.75, 42.01, 28.94, 50.73, 48.34, 51.79, 50.66, 
63.51, 46.16, 58.61, 40.67, 46.2, 59.87, 45.39, 50.05, 42.21, 
40.26, 47.12, 52.32, 56.05, 34.62, 42.59, 39.96, 37.14, 55.71, 
36.06, 44.56, 53.34, 48.97, 64.48, 30.88, 24.8, 32.03, 35.77, 
27.67, 35.16, 25.84, 31.74, 56.34, 34.66, 38.08, 46.73, 46.04, 
47.03, 37.63, 45.26, 40.39, 49.96, 44.24, 59.68, 33.7, 53.87, 
53, 51.18, 50.93, 39.05, 47.81, 37.77, 46.15, 49.05, 38.3, 47.66, 
46.36, 37.35, 41.99, 31.38, 38.33, 33.31, 41.66, 43.82, 27.5, 
42.43, 49.32, 62.03, 35.68, 49.26, 48.02, 55.13, 48.68, 43.07, 
32.8, 49.26, 45.14, 45.21, 32.34, 60.05, 50.35, 42.91, 58.76, 
58.37, 49.1, 34.89, 42.81, 43, 48.71, 24.36, 35.08, 40.33, 36.05, 
43.37, 29.88, 39.48, 30.9, 41.1, 46.97, 35.51, 41.55, 29.84, 
49.14, 57.8, 44.15, 29.21, 58.24, 47.22, 37.36, 29.06, 39.84, 
47.1, 38.98, 40.91, 46.81, 35.26, 40.45, 35.52, 66.26, 66.12, 
71.22, 54.9, 61.98, 69.42, 61.22, 62.99, 57.99, 61.33, 66.85, 
67.87, 63.94, 73.7, 70.36, 64.01, 57.35, 68.25, 57.39, 66.5, 
36.71, 50.16, 50.28, 52.18, 51.46, 35.73, 53.69, 68.71, 44.75, 
43.91, 33.41, 45.72, 44.99, 47.73, 33.51, 60.51, 44.62, 53.45, 
55, 31.21, 47.96, 66.59, 61.97, 53.8, 49.44, 31.68, 63.99, 36.71, 
40.77, 52.12, 30.88, 40.01, 38.55, 42.27, 41.62, 34.24, 43.66, 
37.74, 25.47, 54.77, 52.72, 38.93, 34.49, 45.02, 64.05, 44.41, 
59.1, 66.11, 43.47, 64.42, 39.82, 32.3, 54.9, 45.63, 48.73, 29.44, 
43.16, 54.72, 56.88, 38.84, 43.39, 55.71, 34.7, 44.97, 43.9, 
40.48, 40.45, 44.63, 38.93, 37.42, 44.24, 42.12, 43.33, 53.41, 
55.7, 44.3, 51.11, 28.57, 45.45, 32.07, 43.68, 47.25, 49.88, 
47.64, 42.71, 38.03, 44.64, 67.06, 42.99, 59.1, 36.68, 52, 45.4, 
46.9, 54.94, 52.67, 41.2, 43.28, 49.12, 43.39, 54.9, 50.91, 55.56, 
55.29, 43.53, 38.92, 41.53, 70.07, 46.2, 44.7, 33.36, 35.15, 
34.73, 48.76, 51.32, 49.63, 22.61, 42.76, 54.3, 35.11, 42.16, 
44.64, 38.93, 37.08, 40.98, 29.51, 54.33, 64.63, 38.54, 67.82, 
55.08, 35.43, 41.85, 51.39, 48.03, 48.07, 41.27, 63.51, 51.78, 
49.75, 41.73, 46.13, 58.3, 39.72, 62, 47.12, 43.94, 64.65, 60.22, 
53.22, 35.86, 38.2, 43.39, 40.64, 55.21, 53.15, 46.47, 50.94, 
43.83, 60.47, 34.19, 35.1, 48.93, 45.41, 39.53, 51.06, 27.55, 
46.58, 49.02, 61.95, 30.7, 48.79, 47.7, 79.84, 59.75, 63.72, 
39.62, 38.44, 50.18, 62.13, 53.53, 42.59, 42.51, 23.36, 39.96, 
33.67, 47.56, 51.11, 30.66, 38.06, 32.37, 27.56, 38.39, 37.28, 
32.78, 41.86, 44.23, 38.77, 41.69, 83.27, 43.06, 47.27, 50.33, 
45.37, 47.38, 53.18, 51.68, 27.88, 43.16, 41.5, 56.09, 34.78, 
46.6, 50.36, 45.68, 40.92, 34.71, 42.76, 43.4, 50.04, 54.07, 
42.22, 49.36, 51.26, 45.4, 44.92, 50.74, 39.49, 33.12, 47.15, 
40.96, 55.28, 40.45, 41.88, 57.84, 37.46, 52.7, 63.67, 42.04, 
53.76, 45.25, 57.92, 59.6, 56.59, 57.74, 44.62, 45.11, 74.87, 
38.94, 52.01, 45.17, 42.74, 57.96, 30.35, 61.15, 51.59, 49.49, 
43.96, 60.98, 35.58, 60.82, 43.77, 57.6, 44.07, 28.23, 33.66, 
36.74, 39.27, 46.27, 44.11, 31.81, 37.26, 34.8, 51.8, 40.55, 
50.17, 50.97, 37.04, 48.1, 41.99, 34.94, 34.83, 59.81, 55.26, 
46.32, 61.99, 34.37, 37.51, 45.82, 32.71, 46.37, 60.96, 33.26, 
52.83, 48.55, 30.61, 27.48, 44.92, 48.1, 39.44, 63.57, 59.24, 
45.78, 73, 50.6, 56.43, 42.65, 48.71, 46.9, 35.65, 35.05, 45.17, 
59.52, 59.19, 58.84, 30.41, 51.99, 56.08, 49.96, 50.7, 52.87, 
75.62, 55.86, 66.16, 62.43, 41.58, 38.96, 56.95, 48.14, 51.62, 
39.05, 47.17, 50.11, 49, 57.17, 52.5, 37.95, 37.61, 34.05, 46.11, 
34.13, 45.14, 35, 47.95, 59.97, 58.57, 70.4, 52.84, 28.62, 69.1, 
52.88, 56.82, 39.14, 54.97, 50.73, 67.46, 50.87, 63.87, 57.6, 
47.45, 46.44, 53.28, 58.69, 52.45, 42.02, 33.19, 39.03, 38.47, 
48.23, 34.81, 55.7, 43.17, 40.6, 53.69, 38.07, 36.24, 42.16, 
54.11, 40.03, 59.01, 32.85, 47.01, 39.07, 43.82, 40.19, 40.4, 
50.35, 40.58, 47.45, 47.09, 48.25, 35.4, 34.16, 43.34, 37.92, 
51.02, 52.66, 47.09, 35.97, 36.31, 58.43, 49, 31.41, 62.18, 37.45, 
37.66, 45.94, 55.05, 37.14, 52.02, 60.94, 39.51, 52.8, 50.77, 
61.42, 36.36, 36.37, 45.44, 40.68, 36, 41.23, 37.95, 31.78, 35.52, 
30.69, 36.61, 43.73, 33.07, 31.97, 35.68, 62.09, 49.85, 59.68, 
65.1, 41.49, 50.53, 56.85, 61.21, 58.09, 61.68, 52.6, 60.88, 
56.05, 48.99, 55.85, 61.86, 38.58, 47.76, 45.49, 51.27, 58.56, 
50.59, 52.33, 51.51, 52.04, 49.87, 52.27, 46.74, 41.73, 42.34, 
34.11, 42.09, 43.17, 41.04, 37.77, 35.89, 27.1, 39.63, 28.81, 
50.26, 36.96, 43.79, 48.46, 45.37, 46.92, 46.08, 71.31, 33.09, 
68.67, 49.75, 53.83, 55.72, 45.45, 45.37, 46.23, 43.32, 59.8, 
22.58, 47.71, 45.53, 47.37, 45.21, 50.99, 53.14, 42.25, 60.76, 
42.59, 63.86, 57.05, 39.52, 60.05, 56.02, 61.22, 57.02, 54.91, 
57.76, 53.31, 46.86, 57.36, 56.55, 36.46, 48.25, 30.78, 57.02, 
58.51, 35.82, 39.13, 47.8, 44.15, 59.43, 53.94, 50.34, 49.39, 
29.01, 35.99, 35.07, 41.96, 53.31, 47.48, 32.08, 52.27, 55.08, 
42.62, 38.36, 54.73, 34.9, 30.75, 32.9, 33.32, 26.46, 34.64, 
52.21, 34.92, 39.53, 63.51, 63.4, 49.91, 53.43, 48.83, 49.93, 
62.79, 64.09, 79.49, 72.55, 84, 57.69, 52.53, 62.48, 42.74, 64.11, 
53.75, 55.42, 53.54, 40.13, 45.13, 61.12, 53.87, 47.97, 43.9, 
48.23, 37.81, 47.35, 56.62, 44.97, 25.28, 54.35, 56.86, 41.63, 
55.61, 62.35, 50.82, 57.17, 36.79, 39.84, 32.85, 61.18, 39.68, 
41.66, 46.64, 35.15, 32.17, 52.36, 48.27, 25.87, 56.17, 37.91, 
38.19, 58.9, 57.52, 52.41, 31.98, 33.64, 47.22, 46.94, 33.09, 
47.7, 36.01, 39.1, 38.26, 55.33, 37.47, 30.15, 44.88, 46.05, 
32.28, 53.84, 46.8, 60.35, 47.24, 32.95, 43.38, 58.92, 36.55, 
49.53, 27.88, 42.73, 57.23, 44.32, 43.47, 40.07, 34.82, 41.19, 
39.95, 66.62, 54.45, 30.85, 52.96, 47.43, 48.87, 58.11, 46.53, 
50.76, 40.58, 58.26, 50.4, 46.87, 40.59, 47.81, 46.43, 64.73, 
40.79, 54.47, 43.66, 54.13, 61.37, 57.48, 63.36, 44.31, 45.53, 
51.42, 60.42, 62.56, 54.03, 60.38, 40.5, 59.45, 55.11, 56.21, 
69.23, 63.83, 45.59, 68.05, 62.95, 60.81, 60.33, 50.91, 58.43, 
55.54, 68.99, 56.11, 47.85, 46.85, 69.55, 47.48, 72.19, 56.78, 
53.64, 60.68, 47.62, 35.31, 54.37, 61.85, 56.25, 47.67, 54.13, 
49.83, 58.58, 61.38, 56.11, 67.77, 72.48, 35.62, 53, 60.69, 51.47, 
43.35, 52.37, 47.32, 49.36, 68.77, 62.32, 60.13, 48.04, 35.16, 
48.05, 56.48, 52.96, 43.68, 49.61, 68.98, 55.09, 64.44, 48.16, 
56.4, 56.35, 51.24, 50.22, 68.46, 53.58, 49.65, 65.95, 34.77, 
52.78, 38.31, 49.74, 57.46, 48.22, 48.12, 59.15, 63.94, 40.1, 
43.41, 59.86, 47.28, 28.55, 49.9, 42.25, 44.14, 46.67, 46.91, 
56.72, 49.39, 49.56, 38.97, 44.27, 66.26, 42.34, 40.88, 64.58, 
45.16, 54.19, 50.73, 40.54, 60.44, 40.63, 57.74, 40.79, 43.21, 
50.13, 37.08, 48.18, 29.71, 72.43, 43.77, 49.18, 47.63, 44.94, 
59.78, 38.93, 43.63, 51.34, 51, 46.3, 56.14, 38.46, 57.21, 50.47, 
47.34, 47.54, 47.13, 66.16, 59.96, 37.97, 30.17, 54.08, 51.48, 
48.79, 47.46, 46.31, 60.17, 47.56, 26.38, 42.77, 61.1, 36.34, 
33.71, 67.09, 48.08, 44.74, 50.43, 66.19, 64.52, 49.29, 60.45, 
50.49, 44.1, 51.03, 34.54, 62.06, 62.59, 62.27, 50.11, 39.9, 
52.78, 52.19, 42.4, 58.32, 56, 36.67, 56.94, 50.32, 51.76, 38.85, 
43.8, 45.33, 49.19, 59.4, 30.76, 48.84, 46.12, 45.57, 38.25, 
31.2, 51.25, 44.4, 47.2, 60.47, 59.81, 41.22, 37.78, 46.38, 40.2, 
32.59, 46.54, 41.39, 49.8, 44.59, 31.56, 43.61, 43.66, 62.82, 
34.08, 42.45, 51.4, 49.71, 46.13, 68.22, 54.47, 29.19, 37.22, 
47.24, 45.11, 52.29, 51.76, 47.08, 41.26, 46.85, 46.12, 47.52, 
46.23, 51.02, 52.68, 32.11, 53.89, 46.11, 51.3, 45.62, 41.36, 
48.98, 57.27, 36.79, 31.97, 53.89, 50.54, 34.89, 51.57, 35, 57.81, 
58.98, 37.4, 31.91, 56.78, 48.43, 40.65, 57.64, 49.19, 36.75, 
35.97, 52.68, 49.6, 64.88, 54.14, 49.68, 57.53, 61.81, 57.62, 
27.87, 41.18, 68.95, 50.43, 65.62, 34.81, 34.45, 48.77, 59.68, 
71.65, 57.7, 59.19, 47.8, 62.73, 59.31, 36.19, 55.36, 45.34, 
60.27, 57.31, 53.32, 43.81, 52.49, 52.61, 44.37, 58.12, 50.76, 
53.41, 59.47, 47.92, 58.59, 51.18, 62.03, 52.52, 49.41, 45.14, 
56.6, 50.14, 45.59, 64.56, 53.19, 49.29, 62.04, 46.03, 48.52, 
34.53, 40.65, 49.38, 49.45, 62.16, 50.38, 39.93, 33.23, 48.59, 
62.84, 50.1, 34.55, 59.14, 50.54, 39.09, 54.6, 39.59, 47.87, 
58.69, 52.53, 50.49, 36.77, 50.11, 62.42, 50.71, 43.24, 56.25, 
38.42, 54.95, 30.29, 47.66, 55.43, 29.73)), .Names = c("sch_id", 
"sch_freelunch", "stu_ses", "stu_mathscore"), row.names = c(1L, 
2L, 3L, 4L, 5L, 6L, 7L, 8L, 9L, 10L, 11L, 12L, 13L, 14L, 15L, 
16L, 17L, 18L, 19L, 20L, 21L, 22L, 23L, 24L, 25L, 26L, 27L, 28L, 
29L, 30L, 31L, 95L, 96L, 97L, 98L, 99L, 100L, 101L, 102L, 103L, 
104L, 105L, 106L, 107L, 108L, 109L, 110L, 111L, 112L, 113L, 114L, 
115L, 116L, 131L, 132L, 133L, 134L, 135L, 136L, 137L, 138L, 139L, 
140L, 141L, 142L, 143L, 144L, 145L, 146L, 147L, 148L, 149L, 150L, 
151L, 152L, 153L, 1362L, 1363L, 1364L, 1365L, 1366L, 1367L, 1368L, 
1369L, 1370L, 1371L, 1372L, 1373L, 1374L, 1375L, 1376L, 1377L, 
1378L, 1379L, 1380L, 1381L, 1382L, 1383L, 1384L, 1385L, 1386L, 
1387L, 1388L, 1389L, 1390L, 1391L, 1392L, 1393L, 1394L, 1395L, 
1396L, 1397L, 1398L, 1399L, 1400L, 1401L, 1402L, 1403L, 1404L, 
1405L, 1406L, 1407L, 1408L, 1409L, 1410L, 1411L, 1412L, 1413L, 
1414L, 1415L, 1416L, 1417L, 1418L, 1419L, 1420L, 1421L, 1422L, 
1423L, 1424L, 1425L, 1426L, 1427L, 1428L, 1429L, 1430L, 1431L, 
1432L, 1433L, 1548L, 1549L, 1550L, 1551L, 1552L, 1553L, 1554L, 
1555L, 1556L, 1557L, 1558L, 1559L, 1560L, 1561L, 1562L, 1563L, 
1564L, 1565L, 1566L, 1567L, 1568L, 1569L, 1632L, 1633L, 1634L, 
1635L, 1636L, 1637L, 1638L, 1639L, 1640L, 1641L, 1642L, 1643L, 
1644L, 1645L, 1646L, 1647L, 1648L, 1649L, 1650L, 1651L, 1652L, 
1653L, 1654L, 1655L, 1656L, 1657L, 1658L, 1659L, 1660L, 1661L, 
1662L, 1663L, 1664L, 1665L, 1666L, 1667L, 1668L, 1669L, 1670L, 
1671L, 1672L, 1673L, 2748L, 2749L, 2750L, 2751L, 2752L, 2753L, 
2754L, 2755L, 2756L, 2757L, 2758L, 2776L, 2777L, 2778L, 2779L, 
2780L, 2781L, 2782L, 2783L, 2784L, 2785L, 2786L, 2787L, 2788L, 
2789L, 2790L, 2791L, 2792L, 2793L, 2794L, 2795L, 2796L, 2797L, 
2798L, 2799L, 2800L, 2801L, 2802L, 2803L, 2804L, 2805L, 2861L, 
2862L, 2863L, 2864L, 2865L, 2866L, 2867L, 2868L, 2869L, 2870L, 
2871L, 2872L, 2873L, 2874L, 2875L, 2876L, 2877L, 2878L, 2879L, 
2880L, 2881L, 2882L, 2883L, 2884L, 2885L, 2886L, 2887L, 2888L, 
2889L, 2890L, 2891L, 2892L, 2893L, 2894L, 2895L, 2896L, 2897L, 
2915L, 2916L, 2917L, 2918L, 2919L, 2920L, 2921L, 2922L, 2923L, 
2924L, 2925L, 2926L, 2927L, 2928L, 2929L, 2930L, 2931L, 2932L, 
2933L, 2934L, 2935L, 2936L, 2937L, 2938L, 2939L, 2940L, 2941L, 
2942L, 2943L, 2944L, 2945L, 2946L, 2947L, 2948L, 2949L, 3858L, 
3859L, 3860L, 3861L, 3862L, 3863L, 3864L, 3865L, 3866L, 3867L, 
3868L, 3869L, 3870L, 3871L, 3872L, 3873L, 3874L, 3875L, 3876L, 
3877L, 3878L, 3879L, 3880L, 3881L, 3882L, 3883L, 3884L, 3885L, 
3886L, 3887L, 3888L, 3889L, 3890L, 3891L, 3892L, 3893L, 3894L, 
3895L, 3896L, 3897L, 3898L, 3899L, 3900L, 3901L, 3902L, 3903L, 
3904L, 3905L, 3906L, 3907L, 3908L, 3909L, 3910L, 3911L, 3912L, 
3913L, 3914L, 3915L, 3916L, 3917L, 3918L, 3919L, 3920L, 3921L, 
3922L, 3923L, 3924L, 3925L, 3926L, 3927L, 3928L, 3929L, 3930L, 
3931L, 3932L, 3933L, 3934L, 3935L, 3936L, 3937L, 3938L, 3939L, 
3940L, 3941L, 3942L, 3943L, 3944L, 3945L, 3946L, 3947L, 3948L, 
3949L, 3950L, 3951L, 3952L, 3953L, 3954L, 3955L, 3956L, 3957L, 
3958L, 3959L, 3960L, 3961L, 3962L, 3963L, 5143L, 5144L, 5145L, 
5146L, 5147L, 5148L, 5149L, 5150L, 5151L, 5152L, 5153L, 5154L, 
5155L, 5156L, 5157L, 5158L, 5159L, 5160L, 5161L, 5162L, 5163L, 
5164L, 5165L, 5166L, 5167L, 5168L, 5169L, 5170L, 5171L, 5172L, 
5173L, 5174L, 5175L, 5176L, 5177L, 5178L, 5179L, 5180L, 5181L, 
5980L, 5981L, 5982L, 5983L, 5984L, 5985L, 5986L, 5987L, 5988L, 
5989L, 5990L, 5991L, 5992L, 5993L, 5994L, 5995L, 5996L, 5997L, 
5998L, 5999L, 6000L, 6001L, 6002L, 6003L, 6004L, 6005L, 6006L, 
6007L, 6008L, 6009L, 6029L, 6030L, 6031L, 6032L, 6033L, 6034L, 
6035L, 6036L, 6037L, 6038L, 6039L, 6040L, 6058L, 6059L, 6060L, 
6061L, 6062L, 6063L, 6064L, 6065L, 6066L, 6067L, 6068L, 6069L, 
6070L, 6071L, 6072L, 6073L, 6074L, 6075L, 6076L, 6077L, 6078L, 
6079L, 6080L, 6081L, 6082L, 6083L, 6084L, 6085L, 6086L, 6087L, 
6088L, 6089L, 6090L, 6091L, 6092L, 6093L, 6094L, 6095L, 6096L, 
6097L, 6098L, 6099L, 6509L, 6510L, 6511L, 6512L, 6513L, 6514L, 
6515L, 6516L, 6517L, 6518L, 6519L, 6520L, 6521L, 6522L, 6523L, 
6524L, 6569L, 6570L, 6571L, 6572L, 6573L, 6574L, 6575L, 6576L, 
6577L, 6578L, 6579L, 6580L, 6581L, 6582L, 6583L, 6584L, 6585L, 
6586L, 6587L, 6588L, 6589L, 6590L, 6635L, 6636L, 6637L, 6638L, 
6639L, 6640L, 6641L, 6642L, 6643L, 6644L, 6645L, 6646L, 6647L, 
6648L, 6649L, 6650L, 6651L, 6652L, 6653L, 6654L, 6655L, 6656L, 
6657L, 6658L, 6659L, 6660L, 6661L, 6662L, 6663L, 6664L, 6665L, 
6666L, 6667L, 6668L, 6669L, 6670L, 6671L, 6672L, 6673L, 6674L, 
6675L, 6676L, 6677L, 6678L, 6679L, 6680L, 6681L, 6682L, 6683L, 
6684L, 6685L, 6686L, 6687L, 6688L, 6689L, 6690L, 6691L, 6692L, 
6693L, 6694L, 6695L, 6696L, 6697L, 6698L, 6699L, 6700L, 6701L, 
6702L, 6703L, 6704L, 6705L, 6706L, 6707L, 6708L, 6709L, 6710L, 
6711L, 6712L, 6713L, 6714L, 6715L, 6716L, 6724L, 6725L, 6726L, 
6727L, 6728L, 6729L, 6730L, 6731L, 6732L, 6733L, 6734L, 6735L, 
6736L, 6737L, 6738L, 6739L, 6740L, 6741L, 6742L, 6743L, 6744L, 
6745L, 6746L, 6747L, 6748L, 6749L, 6750L, 6751L, 6752L, 6753L, 
6754L, 6755L, 6756L, 6757L, 6758L, 6759L, 6760L, 6761L, 6762L, 
6763L, 6764L, 6765L, 6766L, 6767L, 7169L, 7170L, 7171L, 7172L, 
7173L, 7174L, 7175L, 7176L, 7177L, 7178L, 7179L, 7180L, 7181L, 
7182L, 7183L, 7184L, 7257L, 7258L, 7259L, 7260L, 7261L, 7262L, 
7263L, 7264L, 7265L, 7266L, 7267L, 7268L, 7269L, 7270L, 7271L, 
7272L, 7273L, 7274L, 7275L, 7276L, 7277L, 7278L, 7279L, 7280L, 
7281L, 7282L, 7283L, 7619L, 7620L, 7621L, 7622L, 7623L, 7624L, 
7625L, 7626L, 7627L, 7628L, 7629L, 7630L, 7631L, 7632L, 7633L, 
7634L, 7635L, 7636L, 7637L, 7638L, 7639L, 7640L, 7641L, 7642L, 
7643L, 7644L, 7645L, 7646L, 7647L, 7648L, 7649L, 7650L, 7651L, 
7652L, 7653L, 7654L, 7655L, 7656L, 7657L, 7658L, 7659L, 7660L, 
7661L, 7662L, 7663L, 7664L, 7665L, 7666L, 7667L, 7668L, 7669L, 
7670L, 7671L, 7672L, 7673L, 7674L, 7675L, 7676L, 7677L, 7678L, 
7679L, 7680L, 7681L, 7682L, 7683L, 7684L, 7685L, 7686L, 7687L, 
7688L, 7689L, 7690L, 7691L, 7692L, 7693L, 7694L, 7695L, 7696L, 
7697L, 7698L, 7699L, 7700L, 7701L, 7702L, 7703L, 7704L, 7705L, 
7706L, 7707L, 7708L, 7709L, 7710L, 7711L, 7712L, 7713L, 7714L, 
7715L, 7716L, 7717L, 7718L, 7719L, 7720L, 7721L, 7722L, 7723L, 
7724L, 7725L, 7726L, 7727L, 7728L, 7729L, 7730L, 7731L, 7732L, 
7733L, 7734L, 7735L, 7736L, 7737L, 7738L, 7739L, 7740L, 7741L, 
7742L, 7743L, 7744L, 7745L, 7746L, 7747L, 7748L, 7749L, 7750L, 
7751L, 7752L, 7753L, 7754L, 7755L, 7756L, 7757L, 7758L, 7759L, 
7760L, 7761L, 7762L, 7763L, 7764L, 7765L, 7766L, 7767L, 7768L, 
7769L, 7770L, 7771L, 7772L, 7773L, 7774L, 7775L, 7776L, 7777L, 
7778L, 7779L, 7780L, 7781L, 7782L, 7783L, 7784L, 7785L, 7786L, 
7787L, 7788L, 7789L, 7790L, 7791L, 7792L, 7793L, 7794L, 7795L, 
7796L, 7797L, 7798L, 7799L, 7800L, 7801L, 7802L, 7803L, 7804L, 
7805L, 7806L, 7807L, 7808L, 7809L, 7810L, 7811L, 7812L, 7813L, 
7814L, 7815L, 7816L, 7817L, 7818L, 7819L, 7820L, 7821L, 7822L, 
7823L, 7824L, 7825L, 7826L, 7827L, 7828L, 7829L, 7830L, 7831L, 
7832L, 7833L, 7834L, 7835L, 7836L, 7837L, 7838L, 7839L, 7840L, 
7841L, 7842L, 7843L, 7844L, 7845L, 7846L, 7847L, 7848L, 7849L, 
7850L, 7851L, 7852L, 7853L, 7854L, 7855L, 7856L, 7857L, 7858L, 
7859L, 7860L, 7861L, 7862L, 7863L, 7864L, 7865L, 7866L, 7867L, 
7868L, 7869L, 7870L, 7871L, 7872L, 7873L, 7874L, 7875L, 7876L, 
7877L, 7878L, 7879L, 7880L, 7881L, 7882L, 7883L, 7884L, 7885L, 
7886L, 7887L, 7888L, 7889L, 7890L, 7891L, 7892L, 7893L, 7894L, 
7895L, 7896L, 7897L, 7898L, 7899L, 7900L, 7901L, 7902L, 7903L, 
7904L, 7905L, 7906L, 7907L, 7908L, 7909L, 7910L, 7911L, 7912L, 
7913L, 7914L, 7915L, 7916L, 7917L, 7918L, 7919L, 7920L, 7921L, 
7922L, 7923L, 7924L, 7925L, 7926L, 7927L, 7928L, 7929L, 7930L, 
7931L, 7932L, 7933L, 7934L, 7935L, 7936L, 7937L, 7938L, 7939L, 
7940L, 7941L, 7942L, 7943L, 7944L, 7945L, 7946L, 7947L, 7948L, 
7949L, 7950L, 7951L, 7952L, 7953L, 7954L, 7955L, 7956L, 7957L, 
7958L, 7959L, 7960L, 7961L, 7962L, 7963L, 7964L, 7965L, 7966L, 
7967L, 7968L, 7969L, 7970L, 7971L, 7972L, 7973L, 7974L, 7975L, 
7976L, 7977L, 7978L, 7979L, 7980L, 7981L, 7982L, 7983L, 7984L, 
7985L, 7986L, 7987L, 7988L, 7989L, 7990L, 7991L, 7992L, 7993L, 
7994L, 7995L, 7996L, 7997L, 7998L, 7999L, 8000L, 8001L, 8002L, 
8003L, 8004L, 8005L, 8006L, 8007L, 8008L, 8009L, 8010L, 8011L, 
8012L, 8013L, 8014L, 8015L, 8016L, 8017L, 8018L, 8019L, 8020L, 
8021L, 8022L, 8023L, 8024L, 8025L, 8026L, 8027L, 8028L, 8029L, 
8030L, 8031L, 8032L, 8033L, 8034L, 8035L, 8036L, 8037L, 8038L, 
8039L, 8040L, 8041L, 8042L, 8043L, 8044L, 8045L, 8046L, 8047L, 
8048L, 8049L, 8050L, 8051L, 8052L, 8053L, 8054L, 8055L, 8056L, 
8057L, 8058L, 8059L, 8060L, 8061L, 8062L, 8063L, 8064L, 8065L, 
8087L, 8088L, 8089L, 8090L, 8091L, 8092L, 8093L, 8094L, 8095L, 
8096L, 8097L, 8098L, 8099L, 8100L, 8101L, 8102L, 8103L, 8104L, 
8105L, 8106L, 8107L, 8108L, 8109L, 8110L, 9109L, 9110L, 9111L, 
9112L, 9113L, 9114L, 9115L, 9116L, 9117L, 9118L, 9119L, 9120L, 
9121L, 9122L, 9123L, 9124L, 9125L, 9126L, 9127L, 9128L, 9129L, 
9130L, 9131L, 9132L, 9133L, 9134L, 9135L, 9136L, 9137L, 9138L, 
9139L, 9140L, 9141L, 9142L, 9143L, 9144L, 9145L, 9146L, 9147L, 
9148L, 9149L, 9150L, 9151L, 9152L, 9153L, 9154L, 9155L, 9156L, 
9157L, 9158L, 9159L, 9160L, 9161L, 9162L, 9163L, 9164L, 9165L, 
9166L, 9167L, 9168L, 9169L, 9170L, 9171L, 9172L, 9173L, 9174L, 
9175L, 9176L, 9177L, 9178L, 9179L, 9180L, 9181L, 9182L, 9183L, 
9184L, 9185L, 9186L, 9187L, 9188L, 9189L, 9190L, 9191L, 9192L, 
9193L, 9194L, 9195L, 9196L, 9197L, 9198L, 9199L, 9200L, 9648L, 
9649L, 9650L, 9651L, 9652L, 9653L, 9654L, 9655L, 9656L, 9657L, 
9658L, 9659L, 9660L, 9661L, 9662L, 9663L, 9664L, 9665L, 9666L, 
9667L, 9668L, 9669L, 9670L, 9671L, 9672L, 9673L, 9674L, 9675L, 
9676L, 9677L, 9678L, 9679L, 9680L, 9681L, 9682L, 9683L, 9684L, 
9685L, 9686L, 9687L, 9688L, 9689L, 9690L, 9691L, 9692L, 9693L, 
9694L, 9695L, 9696L, 9697L, 9698L, 9699L, 9700L, 9701L, 9702L, 
9703L, 9704L, 9705L, 9706L, 9707L, 9708L, 9709L, 9710L, 9711L, 
9712L, 9713L, 9714L, 9715L, 9716L, 9717L, 9718L, 9719L, 9720L, 
9721L, 9722L, 9723L, 9724L, 9725L, 9726L, 9727L, 9728L, 9729L, 
9730L, 9731L, 9732L, 9733L, 9734L, 9735L, 9736L, 9737L, 9738L, 
9739L, 9754L, 9755L, 9756L, 9757L, 9758L, 9759L, 9760L, 9761L, 
9762L, 9763L, 9764L, 9765L, 9766L, 10131L, 10132L, 10133L, 10134L, 
10135L, 10136L, 10137L, 10138L, 10139L, 10140L, 10141L, 10142L, 
10143L, 10144L, 10145L, 10146L, 10147L, 10148L, 10149L, 10150L, 
10151L, 10152L, 10153L, 10154L, 10155L, 10156L, 10157L, 10158L, 
10159L, 10160L, 10161L, 10162L, 10163L, 10164L, 10165L, 10166L, 
10167L, 10168L, 10169L, 10170L, 10171L, 10172L, 10173L, 10174L, 
10175L, 10176L, 10177L, 10178L, 10179L, 10180L, 10181L, 10182L, 
10183L, 10184L, 10185L, 10186L, 10187L, 10188L, 10189L, 10190L, 
10191L, 10192L, 10193L, 10194L, 10195L, 10196L, 10197L, 10198L, 
10199L, 10200L, 10201L, 10202L, 10203L, 10204L, 10205L, 10206L, 
10207L, 10208L, 10209L, 10210L, 10211L, 10212L, 10213L, 10214L, 
10215L, 10216L, 10217L, 10218L, 10219L, 10220L, 10221L, 10222L, 
10223L, 10224L, 10225L, 10226L, 10227L, 10228L, 10229L, 10230L, 
10231L, 10232L, 10233L, 10234L, 10235L, 10236L, 10237L, 10238L, 
10239L, 10240L, 10241L, 10242L, 10243L, 10244L, 10245L, 10246L, 
10247L, 10248L, 10249L, 10250L, 10251L, 10252L, 10253L, 10254L, 
10255L, 10256L, 10257L, 10258L, 10259L, 10260L, 10261L, 10262L, 
10263L, 10264L, 10265L, 10266L, 10267L, 10268L, 10269L, 10270L, 
10271L, 10272L, 10273L, 10274L, 10275L, 10276L, 10277L, 10278L, 
10279L, 10280L, 10281L, 10282L, 10283L, 10284L, 10285L, 10286L, 
10287L, 10288L, 10289L, 10344L, 10345L, 10346L, 10347L, 10348L, 
10349L, 10350L, 10351L, 10352L, 10353L, 10354L, 10355L, 10356L, 
10357L, 10358L, 10359L, 10360L, 10361L, 10362L, 10384L, 10385L, 
10386L, 10387L, 10388L, 10389L, 10390L, 10391L, 10392L, 10393L, 
10394L, 10395L, 10396L, 10397L, 10398L, 10399L, 10400L, 10401L, 
10402L, 10403L, 10404L, 10405L, 10406L, 10407L, 10408L, 10409L, 
10410L, 10411L, 10412L, 10413L, 10414L, 10415L, 10416L, 10417L, 
10418L, 10419L, 10420L, 10421L, 10422L, 10838L, 10839L, 10840L, 
10841L, 10842L, 10843L, 10844L, 10845L, 10846L, 10847L, 10848L, 
10849L, 10850L, 10851L, 10852L, 10853L, 10854L, 10855L, 10856L, 
10857L, 10858L, 10859L, 10860L, 10861L, 10862L, 10863L, 10864L, 
10865L, 10866L, 10867L, 10868L, 10869L, 10870L, 10871L, 10872L, 
10873L, 10874L, 10875L, 10876L, 10877L, 10878L, 10879L, 10880L, 
10881L, 10882L, 10883L, 10884L, 10885L, 10886L, 10887L, 10888L, 
10889L, 10890L, 10891L, 10892L, 10893L, 10894L, 10895L, 10896L, 
10897L, 11178L, 11179L, 11180L, 11181L, 11182L, 11183L, 11184L, 
11185L, 11186L, 11187L, 11188L, 11189L, 11190L, 11191L, 11192L, 
11193L, 11194L, 11195L, 11196L, 11197L, 11198L, 11199L, 11200L, 
11201L, 11202L, 11203L, 11204L, 11205L, 11206L, 11207L, 11208L, 
11209L, 11210L, 11211L, 11212L, 11213L, 11214L, 11215L, 11216L, 
11217L, 11218L, 11219L, 11220L, 11221L, 11222L, 11223L, 11224L, 
11225L, 11226L, 11227L, 11228L, 11229L, 11230L, 11231L, 11232L, 
11233L, 11234L, 11235L, 11236L, 11237L, 11238L, 11239L, 11240L, 
11241L, 11242L, 11243L, 11244L, 11245L, 11246L, 11247L, 11248L, 
11249L, 11250L, 11251L, 11252L, 11253L, 11254L, 11255L, 11256L, 
11257L, 11258L, 11259L, 11260L, 11261L, 11262L, 11263L, 11264L, 
11265L, 11266L, 11267L, 11268L, 11269L, 11270L, 11271L, 11272L, 
11273L, 11333L, 11334L, 11335L, 11336L, 11337L, 11338L, 11339L, 
11340L, 11341L, 11342L, 11343L, 11344L, 11345L, 11346L, 11347L, 
11348L, 11349L, 11350L, 11351L, 11352L, 11353L, 11354L, 11355L, 
11356L, 11357L, 11381L, 11382L, 11383L, 11384L, 11385L, 11386L, 
11387L, 11388L, 11389L, 11390L, 11391L, 11392L, 11393L, 11394L, 
11395L, 11396L, 11397L, 11398L, 11399L, 11400L, 11401L, 11402L, 
11403L, 11404L, 11405L, 11406L, 11407L, 11408L, 11409L, 11410L, 
11411L, 11412L, 11413L, 11414L, 11415L, 11416L, 11417L, 11418L, 
11419L, 11420L, 11421L, 11422L, 11423L, 11424L, 11425L, 11426L, 
11427L, 11428L, 11429L, 11430L, 11431L, 11432L, 11433L, 11434L, 
11435L, 11436L, 11437L, 11438L, 11439L, 11440L, 11441L, 11442L, 
11443L, 11444L, 11445L, 11446L, 11447L, 11448L, 11449L, 11450L, 
11451L, 11452L, 11453L, 11454L, 11455L, 11456L, 11457L, 11458L, 
11459L, 11460L, 11461L, 11462L, 11463L, 11464L, 11465L, 11466L, 
11467L, 11468L, 11469L, 11470L, 11471L, 11472L, 11473L, 11474L, 
11475L, 11476L, 11477L, 11478L, 11479L, 11480L, 11481L, 11482L, 
11483L, 11484L, 11485L, 11486L, 11487L, 11488L, 11489L, 11490L, 
11491L, 11492L, 11493L, 11494L, 11495L, 11496L, 11497L, 11498L, 
11499L, 11500L, 11501L, 11502L, 11503L, 11504L, 11505L, 11506L, 
11507L, 11508L, 11509L, 11510L, 11511L, 11512L, 11513L, 11514L, 
11515L, 11516L, 11517L, 11518L, 11519L, 11520L, 11521L, 11522L, 
11523L, 11524L, 11525L, 11526L, 11527L, 11528L, 11529L, 11530L, 
11531L, 11532L, 11533L, 11534L, 11535L, 11536L, 11537L, 11538L, 
11539L, 11540L, 11541L, 11542L, 11543L, 11544L, 11545L, 11546L
), class = "data.frame")
