1.014 0.928
1.031 -2.14
0.373 -0.972
-1.749 -1.126
2.238 -2.606
-0.115 -0.658
-2.125 -0.778
1.675 -1.148
-0.113 0.231
1.974 -0.93
0.754 1.451
-0.976 0.195
-0.049 1.529
3.123 -3.765
3.337 -4.039
0.888 1.73
-0.436 -0.871
3.727 -4.89
2.774 -2.562
2.74 -3.074
3.855 -4.1
-0.157 0.042
-0.228 -0.591
-0.182 -0.226
3.709 -2.655
0.378 1.122
-0.428 -1.638
4.513 -6.279
3.771 -2.893
0.153 -0.907
2.696 -2.188
3.757 -1.439
-0.261 -1.371
2.192 -1.57
3.143 -4.66
1.172 1.302
4.13 -4.744
1.299 2.315
3.786 -3.282
0.242 -1.136
-0.468 -0.092
2.699 -2.228
0.393 0.894
1.261 -3.021
-0.129 0.131
2.693 -4.14
4.712 -2.932
3.015 -2.203
3.582 -3.252
1.087 -0.855
2.994 -0.061
-1.84 -2.357
3.784 -4.737
0.777 0.997
-0.23 0.484
0.056 2.401
2.954 -5.095
3.311 -2.48
2.321 -1.256
-1.035 -0.257
0.366 -0.364
5.599 -6.69
-1.1 0.095
2.6 2.307
4.105 -3.604
0.586 0.842
4.715 -3.402
2.895 -2.477
2.715 -3.229
0.48 -0.42
-0.074 0.417
4.847 -4.011
1.928 -1.052
1.249 -1.029
0.985 -1.373
-1.506 -0.997
6.046 -6.496
1.356 -1.805
-2.027 -0.35
-0.477 -1.015
-0.559 -2.127
0.908 -1.51
0.699 0.679
2.439 -1.429
0.252 0.864
5.303 -5.22
2.426 -1.759
3.477 -3.083
1.745 0.579
3.475 -3.036
2.219 -3.705
1.812 -1.608
2.508 -4.039
2.525 -1.362
5.342 -6.469
-0.32 -2.119
1.329 2.541
0.386 0.69
2.786 -2.061
2.465 -1.479
3.752 -4.693
3.631 -3.095
0.626 -0.574
1.483 -1.605
-0.105 -2.896
4.293 -4.368
3.566 -3.451
0.221 -0.587
-1.374 -1.009
-0.941 -2.093
2.606 -1.148
3.157 -4.361
4.863 -5.194
2.214 -2.312
-0.741 0.214
2.939 -4.319
3.891 -4.303
0.533 -0.678
2.214 -2.193
3.537 -3.36
2.626 -2.62
2.366 -2.694
2.177 -2.629
3.671 -2.262
0.629 0.787
1.537 -1.5
4.16 -4.914
3.778 -4.405
-1.396 -0.442
-0.216 -0.758
1.414 -0.623
2.592 -3.855
1.48 0.785
0.613 2.509
3.932 -5.277
1.088 0.496
1.595 -1.242
3.284 -3.503
2.033 -2.404
0.38 2.822
3.648 -2.797
2.064 -3.539
3.455 -3.961
-0.391 -0.873
0.119 -0.079
1.161 -0.085
1.842 -2.47
0.391 -0.245
2.67 -2.784
-1.558 -0.469
-1.146 1.291
-0.659 -0.748
1.313 2.848
2.196 -2.862
0.422 0.797
-0.595 -0.149
2.655 -2.818
3.834 -3.004
0.51 0.261
1.79 2.663
2.982 -3.375
3.75 -2.48
2.677 -3.041
1.75 -1.673
2.389 -4.518
1.906 -1.546
0.691 1.988
-0.28 -2.413
1.315 1.633
1.134 -0.771
2.343 -2.176
-0.612 -1.545
0.108 -1.724
3.121 -3.769
-1.277 0.003
3.683 -3.458
0.924 -0.938
0.624 1.519
-0.166 -1.1
-0.34 0.609
-0.198 1.728
-0.099 -0.434
0.424 1.389
0.657 -0.343
3.954 -4.157
1.877 -3.048
-0.815 -1.474
-0.66 -1.043
-0.488 -0.601
2.302 -4.031
2.375 2.956
2.126 -2.573
-0.017 0.605
2.722 -3.907
2.832 -3.202
4.841 -3.49
0.958 -1.325
0.686 0.416
-0.835 -1.423
-0.262 -1.569
0.104 0.598
2.149 -1.327
2.217 3.029
0.877 1.454
0.917 -0.327
-0.835 -0.209
0.905 -0.447
1.327 1.794
2.168 -1.044
3.398 -3.885
4.101 -3.955
1.75 -1.688
1.747 2.562
-0.053 -0.187
-1.252 -1.768
2.305 -2.746
4.066 -5.333
-1.014 -0.69
3.931 -3.508
-0.713 -0.182
-1.045 -0.955
-0.054 -0.082
0.931 -1.573
0.255 0.018
4.613 -4.583
-1.316 -1.956
-0.2 -1.483
2.053 -2.062
2.591 -2.084
4.848 -6.855
3.881 -4.272
-0.823 -1.588
-0.763 -0.359
3.483 -3.267
3.707 -4.581
1.051 2.406
3.656 -3.708
0.418 0.383
2.793 -2.392
4.189 -3.497
-0.33 -0.699
4.785 -5.372
5.398 -5.939
-1.214 -1.092
-1.485 -1.104
3.062 -2.674
-0.758 -1.763
1.669 -1.476
2.743 -3.659
1.936 -0.461
-2.367 -1.291
3.047 -3.039
3.252 -2.91
4.407 -5.048
3.939 -4.56
2.662 -2.025
0.295 0.893
4.184 -3.24
0.837 1.106
-0.574 -1.401
0.249 -0.574
2.348 -3.123
-1.62 -1.786
0.221 2.776
3.523 -2.056
3.841 -4.908
3.929 -2.737
5.19 -7.502
3.548 -3.231
2.143 2.288
1.389 -3.431
-1.216 -1.924
2.215 -1.929
1.206 0.881
2.571 -3.312
4.536 -5.624
2.885 -2.171
3.783 -1.726
2.474 -1.7
-0.269 -1.205
4.159 -4.58
0.213 1.079
1.254 0.558
-0.413 -0.019
2.912 -1.851
-0.279 -0.421
0.123 0.457
-0.067 -1.181
2.645 -0.864
1.52 1.634
-0.786 -2.464
-0.466 -0.31
4.175 -3.118
2.919 -3.205
2.106 -3.083
1.177 -1.307
4.516 -4.9
0.913 -0.029
2.505 -2.083
3.196 -4.793
3.612 -4.569
-2.394 -0.726
-2.579 -3.177
2.184 -2.043
0.758 0.676
2.652 -3.815
4.702 -4.433
0.215 1.187
-0.802 -0.764
4.226 -4.242
0.994 1.269
-1.136 -1.469
1.134 -1.514
-1.321 -1.587
2.277 -2.225
-0.279 0.388
3.2 -2.959
0.204 0.816
-0.705 -0.81
-0.463 -1.774
-1.036 -1.598
4.469 -5.137
1.81 -2.081
2.253 -3.027
3.257 -2.749
2.715 -2.021
0.989 -2.651
2.986 -1.909
2.789 -3.99
4.047 -3.261
3.36 -3.323
2.739 -3.511
-0.569 -1.559
3.811 -4.981
3.767 -4.687
3.87 -3.875
-0.242 -0.183
0.031 0.731
-1.717 -2.449
-0.756 -0.048
1.801 -1.505
0.201 -0.898
-0.422 -2.129
3.149 -2.601
0.105 -0.365
2.23 -2.327
4.008 -0.902
0.844 1.554
-0.321 -0.338
-0.75 -0.327
-0.709 -2.267
0.702 1.786
0.205 -0.184
3.346 -3.599
-0.182 0.051
0.885 0.612
-1.57 -2.614
-0.235 -0.927
0.64 0.94
0.893 1.453
-1.082 -0.41
2.87 -2.88
2.851 -1.4
0.549 -0.088
2.206 -3.059
2.313 -2.12
-0.888 -1.598
-0.281 -0.184
-0.591 -0.724
1.792 0.558
2.742 -2.854
-0.424 -0.924
0.69 1.402
2.415 -2.473
1.513 2.479
-0.211 -0.683
-1.241 -2.574
3.231 2.562
2.523 0.917
0.179 0.498
2.828 -3.564
0.21 -0.659
0.431 1.799
4.161 -3.632
3.667 -4.022
-1.158 -1.213
0.872 -0.623
-0.639 -0.535
0.378 1.051
2.233 -1.694
3.213 -4.169
-0.159 -0.675
1.155 1.855
2.851 -1.614
0.294 0.913
1.521 -2.329
0.706 0.749
-0.125 -0.598
0.127 -0.022
-1.059 -2.188
