> source("censored-poisson-em.r")
> options(digits=17)
> censored_poisson_em(20,4.1,5,debug=TRUE)
0 3.48 22.754763322617865 
1 3.4353571428571428 22.762025275619386 
2 3.434907802560593 22.762026017785729 
3 3.4349032338655325 22.76202601786245 
4 3.4349031874082909 22.76202601786246 
5 3.4349031869358853 22.762026017862457 
6 3.4349031869310811 22.762026017862439 
7 3.4349031869310322 22.762026017862439 
8 3.4349031869310318 22.762026017862453 
9 3.4349031869310318 22.762026017862453 
10 3.4349031869310318 22.762026017862453 
[1] 3.4349031869310318
