Python 2.7.2 (v2.7.2:8527427914a2, Jun 11 2011, 14:13:39) 
[GCC 4.0.1 (Apple Inc. build 5493)]
Type "help", "copyright", "credits" or "license" for more information.
[evaluate sorting.py]
>>> import random
>>> L = range(100)
>>> random.shuffle(L)
>>> L
[96, 48, 55, 47, 50, 94, 12, 69, 66, 15, 39, 68, 27, 22, 6, 7, 30, 58, 84, 91, 2, 40, 98, 71, 31, 89, 10, 52, 63, 5, 42, 95, 88, 67, 20, 14, 83, 62, 53, 93, 4, 26, 81, 99, 60, 74, 9, 92, 73, 77, 45, 49, 23, 75, 61, 76, 65, 51, 32, 0, 85, 24, 28, 19, 34, 33, 11, 43, 16, 90, 41, 21, 57, 82, 54, 18, 35, 78, 44, 13, 59, 80, 46, 56, 70, 86, 64, 79, 37, 1, 72, 36, 97, 87, 38, 3, 25, 17, 29, 8]
>>> bubble_sort(L)
[0, 1, 2, 3, 4, 5, 6, 7, 8, 9, 10, 11, 12, 13, 14, 15, 16, 17, 18, 19, 20, 21, 22, 23, 24, 25, 26, 27, 28, 29, 30, 31, 32, 33, 34, 35, 36, 37, 38, 39, 40, 41, 42, 43, 44, 45, 46, 47, 48, 49, 50, 51, 52, 53, 54, 55, 56, 57, 58, 59, 60, 61, 62, 63, 64, 65, 66, 67, 68, 69, 70, 71, 72, 73, 74, 75, 76, 77, 78, 79, 80, 81, 82, 83, 84, 85, 86, 87, 88, 89, 90, 91, 92, 93, 94, 95, 96, 97, 98, 99]
[evaluate sorting.py]
>>> random.shuffle(L)
>>> selection_sort(L)
[0, 1, 2, 3, 4, 5, 6, 7, 8, 9, 10, 11, 12, 13, 14, 15, 16, 17, 18, 19, 20, 21, 22, 23, 24, 25, 26, 27, 28, 29, 30, 31, 32, 33, 34, 35, 36, 37, 38, 39, 40, 41, 42, 43, 44, 45, 46, 47, 48, 49, 50, 51, 52, 53, 54, 55, 56, 57, 58, 59, 60, 61, 62, 63, 64, 65, 66, 67, 68, 69, 70, 71, 72, 73, 74, 75, 76, 77, 78, 79, 80, 81, 82, 83, 84, 85, 86, 87, 88, 89, 90, 91, 92, 93, 94, 95, 96, 97, 98, 99]
>>> random.shuffle(L)
>>> selection_sort(L)
[0, 1, 2, 3, 4, 5, 6, 7, 8, 9, 10, 11, 12, 13, 14, 15, 16, 17, 18, 19, 20, 21, 22, 23, 24, 25, 26, 27, 28, 29, 30, 31, 32, 33, 34, 35, 36, 37, 38, 39, 40, 41, 42, 43, 44, 45, 46, 47, 48, 49, 50, 51, 52, 53, 54, 55, 56, 57, 58, 59, 60, 61, 62, 63, 64, 65, 66, 67, 68, 69, 70, 71, 72, 73, 74, 75, 76, 77, 78, 79, 80, 81, 82, 83, 84, 85, 86, 87, 88, 89, 90, 91, 92, 93, 94, 95, 96, 97, 98, 99]
>>> random.shuffle(L)
[evaluate sorting.py]
>>> insertion_sort(L)
[0, 1, 2, 3, 4, 5, 6, 7, 8, 9, 10, 11, 12, 13, 14, 15, 16, 17, 18, 19, 20, 21, 22, 23, 24, 25, 26, 27, 28, 29, 30, 31, 32, 33, 34, 35, 36, 37, 38, 39, 40, 41, 42, 43, 44, 45, 46, 47, 48, 49, 50, 51, 52, 53, 54, 55, 56, 57, 58, 59, 60, 61, 62, 63, 64, 65, 66, 67, 68, 69, 70, 71, 72, 73, 74, 75, 76, 77, 78, 79, 80, 81, 82, 83, 84, 85, 86, 87, 88, 89, 90, 91, 92, 93, 94, 95, 96, 97, 98, 99]