 86
195
 77
165
107
 97
 83
193
142
128
137
154
189
 92
 86
 99
109
143
149
139
 99
100
 83
101
 87
164
 99
140
108
110
 79
148
121
158
105
145
 79
 71
102
119
176
 97
129
 97
 86
125
123
 92
171
199
116
 83
154
114
106
127
124
109
123
167
184
 96
129
 92
109
139
134
106
131
135
158
112
181
121
168
144
101
 96
107
121
100
154
125
125
122
114
115
114
115
130
 79
112
150
 91
100
140
110
 94
 84
148
 61
117
 99
 80
154
103
111
124
143
 81
189
116
103
124
 71
137
112
148
136
145
 93
107
151
 97
144
112
 99
109
120
187
129
179
 80
105
191
 95
 99
137
 97
100
167
180
122
 90
120
154
 56
177
124
 85
 88
152
198
188
139
168
197
142
126
158
130
100
164
 95
122
 85
151
144
111
107
115
105
194
184
 95
124
111
137
 57
157
 95
140
117
100
123
138
100
175
 74
133
119
155
128
112
140
141
129
106
118
155
148
 85
 89
 78
197
166
118
103
126
119
 97
109
 88
122
103
102
 90
111
180
106
171
180
 71
103
101
 88
150
 73
105
 99
109
 95
146
100
129
 95
112
113
 83
101
106
100
136
123
 81
 92
 93
122
 81
126
144
 89
160
 97
162
107
 88
117
173
170
 84
100
 93
106
108
106
 90
156
153
152
 88
163
151
102
114
104
 75
179
129
128
109
109
113
108
111
196
 81
147
109
125
 85
142
100
 87
162
197
117
134
 74
181
179
 91
 91
119
146
184
165
124
111
 90
113
111
155
 95
 96
128
101
108
100
106
104
108
133
136
119
 96
 78
107
151
146
126
144
120
161
128
124
155
113
109
115
152
112
157
122
102
105
118
 87
 95
130
 95
126
139
 99
125
196
189
103
147
 99
 81
173
 84
 98
 87
 93
105
 90
125
119
116
105
100
131
127
 96
193
136
 72
172
102
112
143
173
144
129
119
 94
102
151
181
 95
 89
 80
 90
189
117
180
104
120
 82
 91
134
120
 74
 88
124
 97
144
137
132
158
123
 84
135
139
173
 83
 89
 99
125
 81
154
117
 84
 94
 96
 84
 99
163
145
129
 68
 87
122
 77
127
128
 90
 84
 88
186
187
131
116
 84
 88
 84
103
 99
 99
111
 98
143
119
108
176
111
112
 82
123
 89
108
124
181
 92
152
174
105
138
 68
112
 94
 90
 94
102
128
 97
100
103
179
136
117
155
101
112
145
111
 98
165
 68
123
162
 95
129
107
142
169
 80
127
 93
126
129
134
187
173
 94
108
117
116
141
174
106
126
 65
 99
120
102
109
153
100
147
187
121
108
181
128
 88
170
101
121
 93
